-0.606082680025955
-0.573685887956061
-0.539732607138385
-0.506449632970946
-0.530809480367343
-0.58814351094219
-0.612409524854905
-0.593371051564378
-0.548718067462427
-0.509384337943993
-0.48255272487445
-0.459412847216883
-0.445267513348814
-0.440769053798876
-0.46029208191017
-0.557171483123595
-0.653886887048749
-0.74239045373185
-0.783829479439259
-0.775551488370766
-0.738528976549146
-0.690369104308643
-0.626109297744671
-0.538277178199073
-0.602422620737694
-0.706104443973293
-0.795952571998758
-0.844293936836301
-0.861603360116948
-0.860796476673146
-0.856666653989452
-0.83009845951988
-0.767822507019286
-0.667690585772983
-0.569624389500091
-0.582022229295962
-0.639247808971212
-0.688416084582913
-0.703665516300882
-0.676374508895279
-0.624696521593572
-0.576259594118054
-0.582085056420374
-0.674327711030613
-0.729937861402688
-0.773111074718261
-0.812561055434768
-0.826465545242337
-0.806886400511191
-0.70185493562796
-0.632143478861786
-0.559559362118182
-0.484432430589165
-0.407104084821676
-0.327925729285486
-0.247257175480093
-0.165465006837428
-0.0829209128507524
0
0
0
0
0
0
0
0
0
0
0
0
0
0
0
0
0
0
0
0
0
0
0
0
0
0
0
0
0
0
0
0
0
0
0
0
0
0
0
0
0
0
0
0
0
0
0
0
0
-0.0677145512407485
-0.135223975977656
-0.202323769093008
-0.268810666358982
-0.334483260182418
-0.399142609725308
-0.462592843552793
-0.52464175298307
-0.585101374341783
-0.00100126543840107
-0.000948196211359036
-0.000892088063643979
-0.00083956031720038
-0.000876059917400409
-0.000970596187994571
-0.00101524831575046
-0.000980944275375546
-0.000905371069905815
-0.000842058192760753
-0.000798714337994516
-0.000760960500338831
-0.000738015706343686
-0.00073061494407943
-0.000756480248746217
-0.000900944064008485
-0.00105707168057058
-0.00121400928559258
-0.00129820852668742
-0.00128342655345532
-0.00121697388699585
-0.00113337400272439
-0.00102107714081034
-0.000892009510877208
-0.000978831734073259
-0.00113689559091532
-0.00129744757920536
-0.00139376077236542
-0.00142798388621755
-0.00142701323881532
-0.00141883655502105
-0.00136585777069162
-0.00124489630321324
-0.00107482002167993
-0.000939330473911273
-0.000961577737026709
-0.00105102549771455
-0.00113764736368171
-0.00116642238926151
-0.00111601566547335
-0.00102814479281971
-0.000954106660937389
-0.000958301148392244
-0.00109986445291315
-0.00120045958857518
-0.0012739602745516
-0.00134351121576824
-0.00137009318690734
-0.00133349152209833
0
0
0
0
0
0
0
0
0
0
0
0
0
0
0
0
0
0
0
0
0
0
0
0
0
0
0
0
0
0
0
0
0
0
0
0
0
0
0
0
0
0
0
0
0
0
0
0
0
0
0
0
0
0
0
0
0
0
0
0
0
0
0
0
0
0
0
