-0.669496278806884
-0.680555093221343
-0.691319394177236
-0.701087790027007
-0.694012955503296
-0.675717243340155
-0.66724347636238
-0.673929618500952
-0.688550726006881
-0.700256787628219
-0.707641264365652
-0.713631977769672
-0.717125811879783
-0.718210542289156
-0.713410629350275
-0.685893816320325
-0.651687964045696
-0.613535258262547
-0.593060206738329
-0.597296248043976
-0.615353001525583
-0.636820532271077
-0.662258224363203
-0.691762518758224
-0.67078542041908
-0.630045079491294
-0.586719029639363
-0.559701597264443
-0.549300887081234
-0.549794821514191
-0.552308770409638
-0.567935353010896
-0.601184214541295
-0.646197465550396
-0.681886444191009
-0.677784483634237
-0.657336938588964
-0.637645876047633
-0.631110052734867
-0.642660006561156
-0.662779173289092
-0.679705180688192
-0.677763407771627
-0.643499659316786
-0.619344290957668
-0.598530807202448
-0.577757461074924
-0.570001234214525
-0.580855792424519
-0.631897115322358
-0.660015246491985
-0.685134059553475
-0.707139406672713
-0.725931288589922
-0.741424309047939
-0.753548062859829
-0.76224745585233
-0.767482955231204
-0.769230769230769
-0.769230769230769
-0.769230769230769
-0.769230769230769
-0.769230769230769
-0.769230769230769
-0.769230769230769
-0.769230769230769
-0.769230769230769
-0.769230769230769
-0.769230769230769
-0.769230769230769
-0.769230769230769
-0.769230769230769
-0.769230769230769
-0.769230769230769
-0.769230769230769
-0.769230769230769
-0.769230769230769
-0.769230769230769
-0.769230769230769
-0.769230769230769
-0.769230769230769
-0.769230769230769
-0.769230769230769
-0.769230769230769
-0.769230769230769
-0.769230769230769
-0.769230769230769
-0.769230769230769
-0.769230769230769
-0.769230769230769
-0.769230769230769
-0.769230769230769
-0.769230769230769
-0.769230769230769
-0.769230769230769
-0.769230769230769
-0.769230769230769
-0.769230769230769
-0.769230769230769
-0.769230769230769
-0.769230769230769
-0.769230769230769
-0.769230769230769
-0.769230769230769
-0.769230769230769
-0.769230769230769
-0.769230769230769
-0.7680656605839
-0.764573864086506
-0.758765957376547
-0.750659534244076
-0.740279151334678
-0.727656253760456
-0.712829079843902
-0.695842545283216
-0.676748107089971
-0.00283142775471097
-0.00287956776151564
-0.00292514755488104
-0.00297528115254896
-0.00293226139452862
-0.00285469844513562
-0.00283174826236772
-0.00285215084692953
-0.00290839412405866
-0.00296342411437896
-0.00299847079680322
-0.00302603011732688
-0.00304284558746482
-0.00304767881890387
-0.0030015365095142
-0.00283926416111128
-0.00269700328422966
-0.00256843820104644
-0.00251455774986974
-0.00253040558089952
-0.00259584052660901
-0.00267638706280727
-0.00276487642942796
-0.00293467836598043
-0.00279016797537744
-0.00259694784023384
-0.00244834587051511
-0.00236532639516121
-0.00233059166255594
-0.00233328684084606
-0.00234176015353747
-0.00239229503444599
-0.00249528337400947
-0.00266296654641087
-0.00287860355906567
-0.00286666151072647
-0.00276676330490013
-0.00269759144970628
-0.00267814842290066
-0.00271459033595342
-0.00279250533109208
-0.00288097376996143
-0.0028564961405469
-0.00268693057732434
-0.00260755668390532
-0.00252487839173393
-0.00244551775748531
-0.00241902922484274
-0.00245745827681427
0
0
0
0
0
0
0
0
0
-0.00326463986941441
-0.00326463986941441
-0.00326463986941441
-0.00326463986941441
-0.00326463986941441
-0.00326463986941441
-0.00326463986941441
-0.00326463986941441
-0.00326463986941441
-0.00326463986941441
-0.00326463986941441
-0.00326463986941441
-0.00326463986941441
-0.00326463986941441
-0.00326463986941441
-0.00326463986941441
-0.00326463986941441
-0.00326463986941441
-0.00326463986941441
-0.00326463986941441
-0.00326463986941441
-0.00326463986941441
-0.00326463986941441
-0.00326463986941441
-0.00326463986941441
-0.00326463986941441
-0.00326463986941441
-0.00326463986941441
-0.00326463986941441
-0.00326463986941441
-0.00326463986941441
-0.00326463986941441
-0.00326463986941441
-0.00326463986941441
-0.00326463986941441
-0.00326463986941441
-0.00326463986941441
-0.00326463986941441
-0.00326463986941441
-0.00326463986941441
-0.00326463986941441
-0.00326463986941441
-0.00326463986941441
-0.00326463986941441
-0.00326463986941441
-0.00326463986941441
-0.00326463986941441
-0.00326463986941441
-0.00326463986941441
0
0
0
0
0
0
0
0
0
