-0.669496278806884
-0.680555093221343
-0.691319394177236
-0.701087790027007
-0.694012955503296
-0.675717243340155
-0.66724347636238
-0.673929618500952
-0.688550726006881
-0.700256787628219
-0.707641264365652
-0.713631977769672
-0.717125811879783
-0.718210542289156
-0.713410629350275
-0.685893816320325
-0.651687964045696
-0.613535258262547
-0.593060206738329
-0.597296248043976
-0.615353001525583
-0.636820532271077
-0.662258224363203
-0.691762518758224
-0.67078542041908
-0.630045079491294
-0.586719029639363
-0.559701597264443
-0.549300887081234
-0.549794821514191
-0.552308770409638
-0.567935353010896
-0.601184214541295
-0.646197465550396
-0.681886444191009
-0.677784483634237
-0.657336938588964
-0.637645876047633
-0.631110052734867
-0.642660006561156
-0.662779173289092
-0.679705180688192
-0.677763407771627
-0.643499659316786
-0.619344290957668
-0.598530807202448
-0.577757461074924
-0.570001234214525
-0.580855792424519
-0.631897115322358
-0.660015246491985
-0.685134059553475
-0.707139406672713
-0.725931288589922
-0.741424309047939
-0.753548062859829
-0.76224745585233
-0.767482955231204
-0.769230769230769
-0.769230769230769
-0.769230769230769
-0.769230769230769
-0.769230769230769
-0.769230769230769
-0.769230769230769
-0.769230769230769
-0.769230769230769
-0.769230769230769
-0.769230769230769
-0.769230769230769
-0.769230769230769
-0.769230769230769
-0.769230769230769
-0.769230769230769
-0.769230769230769
-0.769230769230769
-0.769230769230769
-0.769230769230769
-0.769230769230769
-0.769230769230769
-0.769230769230769
-0.769230769230769
-0.769230769230769
-0.769230769230769
-0.769230769230769
-0.769230769230769
-0.769230769230769
-0.769230769230769
-0.769230769230769
-0.769230769230769
-0.769230769230769
-0.769230769230769
-0.769230769230769
-0.769230769230769
-0.769230769230769
-0.769230769230769
-0.769230769230769
-0.769230769230769
-0.769230769230769
-0.769230769230769
-0.769230769230769
-0.769230769230769
-0.769230769230769
-0.769230769230769
-0.769230769230769
-0.769230769230769
-0.769230769230769
-0.7680656605839
-0.764573864086506
-0.758765957376547
-0.750659534244076
-0.740279151334678
-0.727656253760456
-0.712829079843902
-0.695842545283216
-0.676748107089971
-0.00283142775471097
-0.00287956776151564
-0.00292514755488104
-0.00297528115254896
-0.00293226139452862
-0.00285469844513562
-0.00283174826236772
-0.00285215084692953
-0.00290839412405866
-0.00296342411437896
-0.00299847079680322
-0.00302603011732688
-0.00304284558746482
-0.00304767881890387
-0.0030015365095142
-0.00283926416111128
-0.00269700328422966
-0.00256843820104644
-0.00251455774986974
-0.00253040558089952
-0.00259584052660901
-0.00267638706280727
-0.00276487642942796
-0.00293467836598043
-0.00279016797537744
-0.00259694784023384
-0.00244834587051511
-0.00236532639516121
-0.00233059166255594
-0.00233328684084606
-0.00234176015353747
-0.00239229503444599
-0.00249528337400947
-0.00266296654641087
-0.00287860355906567
-0.00286666151072647
-0.00276676330490013
-0.00269759144970628
-0.00267814842290066
-0.00271459033595342
-0.00279250533109208
-0.00288097376996143
-0.0028564961405469
-0.00268693057732434
-0.00260755668390532
-0.00252487839173393
-0.00244551775748531
-0.00241902922484274
-0.00245745827681427
0
0
0
0
0
0
0
0
0
-0.00326463986941441
-0.00326463986941441
-0.00326463986941441
-0.00326463986941441
-0.00326463986941441
-0.00326463986941441
-0.00326463986941441
-0.00326463986941441
-0.00326463986941441
-0.00326463986941441
-0.00326463986941441
-0.00326463986941441
-0.00326463986941441
-0.00326463986941441
-0.00326463986941441
-0.00326463986941441
-0.00326463986941441
-0.00326463986941441
-0.00326463986941441
-0.00326463986941441
-0.00326463986941441
-0.00326463986941441
-0.00326463986941441
-0.00326463986941441
-0.00326463986941441
-0.00326463986941441
-0.00326463986941441
-0.00326463986941441
-0.00326463986941441
-0.00326463986941441
-0.00326463986941441
-0.00326463986941441
-0.00326463986941441
-0.00326463986941441
-0.00326463986941441
-0.00326463986941441
-0.00326463986941441
-0.00326463986941441
-0.00326463986941441
-0.00326463986941441
-0.00326463986941441
-0.00326463986941441
-0.00326463986941441
-0.00326463986941441
-0.00326463986941441
-0.00326463986941441
-0.00326463986941441
-0.00326463986941441
-0.00326463986941441
0
0
0
0
0
0
0
0
0
-0.606082680025955
-0.573685887956061
-0.539732607138385
-0.506449632970946
-0.530809480367343
-0.58814351094219
-0.612409524854905
-0.593371051564378
-0.548718067462427
-0.509384337943993
-0.48255272487445
-0.459412847216883
-0.445267513348814
-0.440769053798876
-0.46029208191017
-0.557171483123595
-0.653886887048749
-0.74239045373185
-0.783829479439259
-0.775551488370766
-0.738528976549146
-0.690369104308643
-0.626109297744671
-0.538277178199073
-0.602422620737694
-0.706104443973293
-0.795952571998758
-0.844293936836301
-0.861603360116948
-0.860796476673146
-0.856666653989452
-0.83009845951988
-0.767822507019286
-0.667690585772983
-0.569624389500091
-0.582022229295962
-0.639247808971212
-0.688416084582913
-0.703665516300882
-0.676374508895279
-0.624696521593572
-0.576259594118054
-0.582085056420374
-0.674327711030613
-0.729937861402688
-0.773111074718261
-0.812561055434768
-0.826465545242337
-0.806886400511191
-0.70185493562796
-0.632143478861786
-0.559559362118182
-0.484432430589165
-0.407104084821676
-0.327925729285486
-0.247257175480093
-0.165465006837428
-0.0829209128507524
0
0
0
0
0
0
0
0
0
0
0
0
0
0
0
0
0
0
0
0
0
0
0
0
0
0
0
0
0
0
0
0
0
0
0
0
0
0
0
0
0
0
0
0
0
0
0
0
0
-0.0677145512407485
-0.135223975977656
-0.202323769093008
-0.268810666358982
-0.334483260182418
-0.399142609725308
-0.462592843552793
-0.52464175298307
-0.585101374341783
-0.00100126543840107
-0.000948196211359036
-0.000892088063643979
-0.00083956031720038
-0.000876059917400409
-0.000970596187994571
-0.00101524831575046
-0.000980944275375546
-0.000905371069905815
-0.000842058192760753
-0.000798714337994516
-0.000760960500338831
-0.000738015706343686
-0.00073061494407943
-0.000756480248746217
-0.000900944064008485
-0.00105707168057058
-0.00121400928559258
-0.00129820852668742
-0.00128342655345532
-0.00121697388699585
-0.00113337400272439
-0.00102107714081034
-0.000892009510877208
-0.000978831734073259
-0.00113689559091532
-0.00129744757920536
-0.00139376077236542
-0.00142798388621755
-0.00142701323881532
-0.00141883655502105
-0.00136585777069162
-0.00124489630321324
-0.00107482002167993
-0.000939330473911273
-0.000961577737026709
-0.00105102549771455
-0.00113764736368171
-0.00116642238926151
-0.00111601566547335
-0.00102814479281971
-0.000954106660937389
-0.000958301148392244
-0.00109986445291315
-0.00120045958857518
-0.0012739602745516
-0.00134351121576824
-0.00137009318690734
-0.00133349152209833
0
0
0
0
0
0
0
0
0
0
0
0
0
0
0
0
0
0
0
0
0
0
0
0
0
0
0
0
0
0
0
0
0
0
0
0
0
0
0
0
0
0
0
0
0
0
0
0
0
0
0
0
0
0
0
0
0
0
0
0
0
0
0
0
0
0
0
