4.5137e-09 2.9440e-08
8.9782e-09 2.9199e-08
1.2993e-08 2.8834e-08
1.7008e-08 2.8505e-08
2.1032e-08 2.8108e-08
2.5040e-08 2.7682e-08
2.9036e-08 2.7318e-08
3.3045e-08 2.7022e-08
3.7051e-08 2.6681e-08
4.1055e-08 2.6434e-08
4.5077e-08 2.6151e-08
4.9078e-08 2.5824e-08
5.3093e-08 2.5631e-08
5.7130e-08 2.5273e-08
6.1139e-08 2.4883e-08
6.5160e-08 2.4545e-08
6.9207e-08 2.4077e-08
7.3168e-08 2.3454e-08
7.7167e-08 2.3406e-08
8.1172e-08 2.2885e-08
8.5119e-08 2.2895e-08
8.9150e-08 2.2892e-08
9.3093e-08 2.2750e-08
9.7060e-08 2.3292e-08
1.0108e-07 2.3515e-08
1.0505e-07 2.3976e-08
1.0905e-07 2.4536e-08
1.1307e-07 2.5084e-08
1.1707e-07 2.5647e-08
1.2110e-07 2.6274e-08
1.2513e-07 2.6689e-08
1.2914e-07 2.7176e-08
1.3319e-07 2.7566e-08
1.3722e-07 2.7775e-08
1.4126e-07 2.7998e-08
1.4530e-07 2.7959e-08
1.4931e-07 2.8021e-08
1.5335e-07 2.7966e-08
1.5739e-07 2.7767e-08
1.6142e-07 2.7547e-08
1.6545e-07 2.7175e-08
1.6947e-07 2.6801e-08
1.7349e-07 2.6386e-08
1.7750e-07 2.5946e-08
1.8151e-07 2.5512e-08
1.8552e-07 2.5094e-08
1.8953e-07 2.4655e-08
1.9353e-07 2.4272e-08
1.9754e-07 2.3903e-08
2.0155e-07 2.3534e-08
2.0555e-07 2.3214e-08
2.0956e-07 2.2947e-08
2.1356e-07 2.2634e-08
2.1756e-07 2.2467e-08
2.2158e-07 2.2255e-08
2.2560e-07 2.1992e-08
2.2962e-07 2.1727e-08
2.3361e-07 2.1411e-08
2.3761e-07 2.1317e-08
2.4163e-07 2.1127e-08
2.4565e-07 2.0917e-08
2.4967e-07 2.0699e-08
2.5366e-07 2.0436e-08
2.5766e-07 2.0379e-08
2.6167e-07 2.0201e-08
2.6566e-07 2.0181e-08
2.6968e-07 2.0135e-08
2.7368e-07 2.0054e-08
2.7769e-07 2.0103e-08
2.8171e-07 2.0066e-08
2.8572e-07 2.0013e-08
2.8973e-07 2.0001e-08
2.9376e-07 1.9954e-08
2.9768e-07 1.9833e-08
3.0166e-07 2.0483e-08
3.0567e-07 2.0635e-08
3.0960e-07 2.1265e-08
3.1360e-07 2.2108e-08
3.1759e-07 2.2890e-08
3.2160e-07 2.3870e-08
3.2562e-07 2.4734e-08
3.2962e-07 2.5643e-08
3.3364e-07 2.6542e-08
3.3764e-07 2.7441e-08
3.4164e-07 2.8395e-08
3.4567e-07 2.9396e-08
3.4967e-07 3.0233e-08
3.5366e-07 3.1319e-08
3.5770e-07 3.2316e-08
3.6172e-07 3.3173e-08
3.6577e-07 3.4079e-08
3.6980e-07 3.4684e-08
3.7382e-07 3.5383e-08
3.7787e-07 3.5937e-08
3.8191e-07 3.6295e-08
3.8595e-07 3.6619e-08
3.8998e-07 3.6781e-08
3.9401e-07 3.6917e-08
3.9807e-07 3.6946e-08
4.0211e-07 3.6748e-08
4.0613e-07 3.6510e-08
4.1016e-07 3.6227e-08
4.1418e-07 3.5861e-08
4.1820e-07 3.5523e-08
4.2222e-07 3.5093e-08
4.2623e-07 3.4670e-08
4.3024e-07 3.4256e-08
4.3428e-07 3.3822e-08
4.3829e-07 3.3254e-08
4.4229e-07 3.2828e-08
4.4632e-07 3.2306e-08
4.5032e-07 3.1781e-08
4.5435e-07 3.1306e-08
4.5837e-07 3.0614e-08
4.6239e-07 3.0088e-08
4.6643e-07 2.9359e-08
4.7045e-07 2.8570e-08
4.7449e-07 2.7757e-08
4.7853e-07 2.6713e-08
4.8251e-07 2.5662e-08
4.8646e-07 2.4953e-08
4.9040e-07 2.4432e-08
4.9426e-07 2.4283e-08
4.9819e-07 2.4952e-08
5.0215e-07 2.5532e-08
5.0613e-07 2.6570e-08
5.1015e-07 2.7459e-08
5.1415e-07 2.8430e-08
5.1817e-07 2.9428e-08
5.2217e-07 3.0355e-08
5.2616e-07 3.1421e-08
5.3018e-07 3.2553e-08
5.3421e-07 3.3539e-08
5.3821e-07 3.4546e-08
5.4225e-07 3.5572e-08
5.4627e-07 3.6343e-08
5.5030e-07 3.7308e-08
5.5435e-07 3.7935e-08
5.5835e-07 3.8625e-08
5.6240e-07 3.9294e-08
5.6645e-07 3.9722e-08
5.7046e-07 4.0088e-08
5.7449e-07 4.0455e-08
5.7852e-07 4.0689e-08
5.8254e-07 4.0946e-08
5.8658e-07 4.1098e-08
5.9059e-07 4.1127e-08
5.9462e-07 4.1262e-08
5.9865e-07 4.1192e-08
6.0265e-07 4.1194e-08
6.0667e-07 4.1172e-08
6.1068e-07 4.1109e-08
6.1469e-07 4.1085e-08
6.1871e-07 4.1089e-08
6.2272e-07 4.0984e-08
6.2673e-07 4.0983e-08
6.3077e-07 4.0942e-08
6.3479e-07 4.0699e-08
6.3882e-07 4.0600e-08
6.4285e-07 4.0218e-08
6.4687e-07 3.9917e-08
6.5091e-07 3.9504e-08
6.5493e-07 3.8939e-08
6.5896e-07 3.8440e-08
6.6301e-07 3.7726e-08
6.6703e-07 3.6960e-08
6.7106e-07 3.6148e-08
6.7508e-07 3.5266e-08
6.7910e-07 3.4368e-08
6.8314e-07 3.3366e-08
6.8717e-07 3.2233e-08
6.9120e-07 3.1101e-08
6.9522e-07 2.9842e-08
6.9920e-07 2.8627e-08
7.0319e-07 2.7675e-08
7.0715e-07 2.6595e-08
7.1109e-07 2.6111e-08
7.1508e-07 2.5619e-08
7.1899e-07 2.5361e-08
7.2294e-07 2.5631e-08
7.2693e-07 2.5847e-08
7.3092e-07 2.6300e-08
7.3492e-07 2.6760e-08
7.3892e-07 2.7262e-08
7.4293e-07 2.7819e-08
7.4693e-07 2.8377e-08
7.5094e-07 2.8997e-08
7.5496e-07 2.9561e-08
7.5898e-07 3.0107e-08
7.6300e-07 3.0614e-08
7.6702e-07 3.1108e-08
7.7105e-07 3.1543e-08
7.7508e-07 3.1905e-08
7.7911e-07 3.2226e-08
7.8314e-07 3.2410e-08
7.8718e-07 3.2539e-08
7.9121e-07 3.2539e-08
7.9524e-07 3.2502e-08
7.9928e-07 3.2358e-08
8.0332e-07 3.2090e-08
8.0735e-07 3.1755e-08
8.1136e-07 3.1356e-08
8.1538e-07 3.0985e-08
8.1941e-07 3.0492e-08
8.2343e-07 3.0023e-08
8.2745e-07 2.9447e-08
8.3146e-07 2.8895e-08
8.3547e-07 2.8388e-08
8.3947e-07 2.7861e-08
8.4348e-07 2.7434e-08
8.4749e-07 2.6896e-08
8.5148e-07 2.6492e-08
8.5549e-07 2.6097e-08
8.5946e-07 2.5761e-08
8.6344e-07 2.5672e-08
8.6738e-07 2.5636e-08
8.7131e-07 2.6119e-08
8.7529e-07 2.6675e-08
8.7925e-07 2.7474e-08
8.8325e-07 2.8422e-08
8.8726e-07 2.9379e-08
8.9129e-07 3.0336e-08
8.9533e-07 3.1166e-08
8.9937e-07 3.1834e-08
9.0341e-07 3.2478e-08
9.0743e-07 3.2921e-08
9.1143e-07 3.3441e-08
9.1545e-07 3.3964e-08
9.1947e-07 3.4432e-08
9.2349e-07 3.4886e-08
9.2750e-07 3.5333e-08
9.3151e-07 3.5756e-08
9.3552e-07 3.6231e-08
9.3953e-07 3.6695e-08
9.4355e-07 3.7155e-08
9.4756e-07 3.7600e-08
9.5159e-07 3.8028e-08
9.5562e-07 3.8365e-08
9.5964e-07 3.8657e-08
9.6367e-07 3.8878e-08
9.6769e-07 3.9027e-08
9.7173e-07 3.9185e-08
9.7577e-07 3.9117e-08
9.7979e-07 3.9080e-08
9.8383e-07 3.8925e-08
9.8786e-07 3.8658e-08
9.9188e-07 3.8368e-08
9.9590e-07 3.8009e-08
9.9992e-07 3.7672e-08
1.0039e-06 3.7236e-08
1.0080e-06 3.6763e-08
1.0120e-06 3.6304e-08
1.0160e-06 3.5916e-08
1.0200e-06 3.5579e-08
1.0240e-06 3.5108e-08
1.0280e-06 3.4677e-08
1.0320e-06 3.4176e-08
1.0360e-06 3.3690e-08
1.0401e-06 3.3287e-08
1.0441e-06 3.2650e-08
1.0481e-06 3.1981e-08
1.0522e-06 3.1261e-08
1.0562e-06 3.0522e-08
1.0602e-06 2.9809e-08
1.0642e-06 2.9173e-08
1.0681e-06 2.8449e-08
1.0721e-06 2.8251e-08
1.0761e-06 2.7959e-08
1.0800e-06 2.7905e-08
1.0839e-06 2.8663e-08
1.0879e-06 2.9203e-08
1.0918e-06 3.0200e-08
1.0959e-06 3.1233e-08
1.0999e-06 3.2249e-08
1.1039e-06 3.3219e-08
1.1079e-06 3.4179e-08
1.1120e-06 3.4917e-08
1.1160e-06 3.5603e-08
1.1200e-06 3.6241e-08
1.1240e-06 3.6900e-08
1.1281e-06 3.7585e-08
1.1321e-06 3.8119e-08
1.1361e-06 3.8676e-08
1.1401e-06 3.9153e-08
1.1442e-06 3.9550e-08
1.1482e-06 3.9934e-08
1.1522e-06 4.0318e-08
1.1562e-06 4.0747e-08
1.1602e-06 4.1230e-08
1.1642e-06 4.1509e-08
1.1682e-06 4.1803e-08
1.1723e-06 4.2113e-08
1.1763e-06 4.2372e-08
1.1803e-06 4.2602e-08
1.1843e-06 4.2735e-08
1.1884e-06 4.2821e-08
1.1924e-06 4.2830e-08
1.1964e-06 4.2822e-08
1.2005e-06 4.2660e-08
1.2045e-06 4.2524e-08
1.2085e-06 4.2269e-08
1.2125e-06 4.2058e-08
1.2165e-06 4.1832e-08
1.2206e-06 4.1420e-08
1.2246e-06 4.1186e-08
1.2286e-06 4.0760e-08
1.2326e-06 4.0501e-08
1.2366e-06 4.0233e-08
1.2406e-06 3.9924e-08
1.2446e-06 3.9689e-08
1.2486e-06 3.9398e-08
1.2527e-06 3.9004e-08
1.2567e-06 3.8622e-08
1.2607e-06 3.8073e-08
1.2648e-06 3.7402e-08
1.2688e-06 3.6805e-08
1.2728e-06 3.6011e-08
1.2768e-06 3.5255e-08
1.2809e-06 3.4329e-08
1.2849e-06 3.3325e-08
1.2889e-06 3.2265e-08
1.2930e-06 3.1159e-08
1.2970e-06 3.0041e-08
1.3010e-06 2.8891e-08
1.3050e-06 2.7749e-08
1.3090e-06 2.6761e-08
1.3129e-06 2.5948e-08
1.3169e-06 2.5354e-08
1.3208e-06 2.5170e-08
1.3247e-06 2.5119e-08
1.3287e-06 2.5560e-08
1.3326e-06 2.6240e-08
1.3366e-06 2.7071e-08
1.3406e-06 2.8090e-08
1.3446e-06 2.9088e-08
1.3486e-06 3.0059e-08
1.3527e-06 3.1013e-08
1.3567e-06 3.1776e-08
1.3607e-06 3.2538e-08
1.3648e-06 3.3241e-08
1.3688e-06 3.3743e-08
1.3728e-06 3.4184e-08
1.3769e-06 3.4513e-08
1.3809e-06 3.4779e-08
1.3849e-06 3.4887e-08
1.3889e-06 3.5046e-08
1.3930e-06 3.5152e-08
1.3970e-06 3.5183e-08
1.4010e-06 3.5249e-08
1.4050e-06 3.5139e-08
1.4090e-06 3.5102e-08
1.4131e-06 3.5017e-08
1.4171e-06 3.4906e-08
1.4211e-06 3.4811e-08
1.4251e-06 3.4747e-08
1.4291e-06 3.4546e-08
1.4331e-06 3.4406e-08
1.4372e-06 3.4204e-08
1.4412e-06 3.3972e-08
1.4452e-06 3.3672e-08
1.4493e-06 3.3241e-08
1.4533e-06 3.2837e-08
1.4573e-06 3.2317e-08
1.4613e-06 3.1784e-08
1.4653e-06 3.1218e-08
1.4694e-06 3.0618e-08
1.4734e-06 2.9996e-08
1.4774e-06 2.9408e-08
1.4814e-06 2.8848e-08
1.4854e-06 2.8304e-08
1.4894e-06 2.7753e-08
1.4933e-06 2.7590e-08
1.4973e-06 2.7401e-08
1.5012e-06 2.7688e-08
1.5052e-06 2.8259e-08
1.5091e-06 2.8865e-08
1.5131e-06 2.9864e-08
1.5171e-06 3.0749e-08
1.5211e-06 3.1732e-08
1.5252e-06 3.2682e-08
1.5292e-06 3.3591e-08
1.5332e-06 3.4361e-08
1.5372e-06 3.5051e-08
1.5413e-06 3.5716e-08
1.5453e-06 3.6340e-08
1.5493e-06 3.6940e-08
1.5533e-06 3.7503e-08
1.5573e-06 3.8067e-08
1.5614e-06 3.8554e-08
1.5654e-06 3.8981e-08
1.5694e-06 3.9340e-08
1.5734e-06 3.9755e-08
1.5774e-06 4.0195e-08
1.5815e-06 4.0428e-08
1.5855e-06 4.0756e-08
1.5895e-06 4.0929e-08
1.5935e-06 4.1108e-08
1.5976e-06 4.1253e-08
1.6016e-06 4.1257e-08
1.6056e-06 4.1323e-08
1.6096e-06 4.1257e-08
1.6137e-06 4.1186e-08
1.6177e-06 4.1093e-08
1.6217e-06 4.0959e-08
1.6257e-06 4.0828e-08
1.6297e-06 4.0597e-08
1.6338e-06 4.0328e-08
1.6378e-06 4.0063e-08
1.6418e-06 3.9823e-08
1.6458e-06 3.9589e-08
1.6498e-06 3.9293e-08
1.6538e-06 3.8994e-08
1.6578e-06 3.8695e-08
1.6619e-06 3.8345e-08
1.6659e-06 3.7967e-08
1.6699e-06 3.7517e-08
1.6739e-06 3.7024e-08
1.6780e-06 3.6480e-08
1.6820e-06 3.5948e-08
1.6860e-06 3.5376e-08
1.6900e-06 3.4713e-08
1.6940e-06 3.4050e-08
1.6981e-06 3.3325e-08
1.7021e-06 3.2532e-08
1.7061e-06 3.1665e-08
1.7101e-06 3.0772e-08
1.7141e-06 2.9919e-08
1.7181e-06 2.9127e-08
1.7221e-06 2.8341e-08
1.7261e-06 2.7953e-08
1.7300e-06 2.7688e-08
1.7340e-06 2.7494e-08
1.7379e-06 2.7928e-08
1.7419e-06 2.8242e-08
1.7458e-06 2.9008e-08
1.7498e-06 2.9859e-08
1.7539e-06 3.0676e-08
1.7579e-06 3.1392e-08
1.7619e-06 3.2054e-08
1.7660e-06 3.2605e-08
1.7700e-06 3.3131e-08
1.7740e-06 3.3579e-08
1.7780e-06 3.3930e-08
1.7821e-06 3.4295e-08
1.7861e-06 3.4516e-08
1.7901e-06 3.4880e-08
1.7941e-06 3.5084e-08
1.7981e-06 3.5287e-08
1.8021e-06 3.5537e-08
1.8062e-06 3.5705e-08
1.8102e-06 3.5974e-08
1.8142e-06 3.6197e-08
1.8182e-06 3.6425e-08
1.8222e-06 3.6635e-08
1.8262e-06 3.6755e-08
1.8302e-06 3.6857e-08
1.8343e-06 3.6990e-08
1.8383e-06 3.6999e-08
1.8423e-06 3.6977e-08
1.8463e-06 3.6911e-08
1.8504e-06 3.6846e-08
1.8544e-06 3.6747e-08
1.8584e-06 3.6587e-08
1.8624e-06 3.6409e-08
1.8664e-06 3.6168e-08
1.8705e-06 3.5901e-08
1.8745e-06 3.5631e-08
1.8785e-06 3.5438e-08
1.8825e-06 3.5160e-08
1.8865e-06 3.4887e-08
1.8905e-06 3.4598e-08
1.8946e-06 3.4235e-08
1.8986e-06 3.3915e-08
1.9026e-06 3.3515e-08
1.9066e-06 3.3062e-08
1.9106e-06 3.2594e-08
1.9147e-06 3.2085e-08
1.9187e-06 3.1558e-08
1.9227e-06 3.0965e-08
1.9267e-06 3.0242e-08
1.9308e-06 2.9538e-08
1.9348e-06 2.8767e-08
1.9388e-06 2.7943e-08
1.9428e-06 2.7056e-08
1.9468e-06 2.6202e-08
1.9508e-06 2.5373e-08
1.9548e-06 2.4611e-08
1.9588e-06 2.3889e-08
1.9628e-06 2.3361e-08
1.9668e-06 2.2988e-08
1.9707e-06 2.2730e-08
1.9747e-06 2.2637e-08
1.9787e-06 2.2692e-08
1.9827e-06 2.3022e-08
1.9866e-06 2.3314e-08
1.9906e-06 2.3861e-08
1.9947e-06 2.4291e-08
1.9987e-06 2.4779e-08
2.0027e-06 2.5292e-08
2.0071e-06 2.5730e-08
2.0078e-06 2.3119e-08
2.0078e-06 2.1468e-08
2.0078e-06 1.9816e-08
2.0078e-06 1.8165e-08
2.0078e-06 1.6514e-08
2.0078e-06 1.4862e-08
2.0078e-06 1.3211e-08
2.0078e-06 1.1560e-08
2.0078e-06 9.9082e-09
2.0078e-06 8.2568e-09
2.0078e-06 6.6055e-09
2.0078e-06 4.9541e-09
2.0078e-06 3.3027e-09
2.0078e-06 1.6514e-09
2.0072e-06 -9.2472e-10
2.0028e-06 -1.0000e-09
1.9988e-06 -1.0000e-09
1.9948e-06 -1.0000e-09
1.9908e-06 -1.0000e-09
1.9867e-06 -1.0000e-09
1.9827e-06 -1.0000e-09
1.9787e-06 -1.0000e-09
1.9747e-06 -1.0000e-09
1.9707e-06 -1.0000e-09
1.9667e-06 -1.0000e-09
1.9627e-06 -1.0000e-09
1.9587e-06 -1.0000e-09
1.9546e-06 -1.0000e-09
1.9506e-06 -1.0000e-09
1.9466e-06 -1.0000e-09
1.9426e-06 -1.0000e-09
1.9386e-06 -1.0000e-09
1.9346e-06 -1.0000e-09
1.9306e-06 -1.0000e-09
1.9266e-06 -1.0000e-09
1.9226e-06 -1.0000e-09
1.9185e-06 -1.0000e-09
1.9145e-06 -1.0000e-09
1.9105e-06 -1.0000e-09
1.9065e-06 -1.0000e-09
1.9025e-06 -1.0000e-09
1.8985e-06 -1.0000e-09
1.8945e-06 -1.0000e-09
1.8905e-06 -1.0000e-09
1.8864e-06 -1.0000e-09
1.8824e-06 -1.0000e-09
1.8784e-06 -1.0000e-09
1.8744e-06 -1.0000e-09
1.8704e-06 -1.0000e-09
1.8664e-06 -1.0000e-09
1.8624e-06 -1.0000e-09
1.8584e-06 -1.0000e-09
1.8543e-06 -1.0000e-09
1.8503e-06 -1.0000e-09
1.8463e-06 -1.0000e-09
1.8423e-06 -1.0000e-09
1.8383e-06 -1.0000e-09
1.8343e-06 -1.0000e-09
1.8303e-06 -1.0000e-09
1.8263e-06 -1.0000e-09
1.8223e-06 -1.0000e-09
1.8182e-06 -1.0000e-09
1.8142e-06 -1.0000e-09
1.8102e-06 -1.0000e-09
1.8062e-06 -1.0000e-09
1.8022e-06 -1.0000e-09
1.7982e-06 -1.0000e-09
1.7942e-06 -1.0000e-09
1.7902e-06 -1.0000e-09
1.7861e-06 -1.0000e-09
1.7821e-06 -1.0000e-09
1.7781e-06 -1.0000e-09
1.7741e-06 -1.0000e-09
1.7701e-06 -1.0000e-09
1.7661e-06 -1.0000e-09
1.7621e-06 -1.0000e-09
1.7581e-06 -1.0000e-09
1.7541e-06 -1.0000e-09
1.7500e-06 -1.0000e-09
1.7460e-06 -1.0000e-09
1.7420e-06 -1.0000e-09
1.7380e-06 -1.0000e-09
1.7340e-06 -1.0000e-09
1.7300e-06 -1.0000e-09
1.7260e-06 -1.0000e-09
1.7220e-06 -1.0000e-09
1.7179e-06 -1.0000e-09
1.7139e-06 -1.0000e-09
1.7099e-06 -1.0000e-09
1.7059e-06 -1.0000e-09
1.7019e-06 -1.0000e-09
1.6979e-06 -1.0000e-09
1.6939e-06 -1.0000e-09
1.6899e-06 -1.0000e-09
1.6859e-06 -1.0000e-09
1.6818e-06 -1.0000e-09
1.6778e-06 -1.0000e-09
1.6738e-06 -1.0000e-09
1.6698e-06 -1.0000e-09
1.6658e-06 -1.0000e-09
1.6618e-06 -1.0000e-09
1.6578e-06 -1.0000e-09
1.6538e-06 -1.0000e-09
1.6497e-06 -1.0000e-09
1.6457e-06 -1.0000e-09
1.6417e-06 -1.0000e-09
1.6377e-06 -1.0000e-09
1.6337e-06 -1.0000e-09
1.6297e-06 -1.0000e-09
1.6257e-06 -1.0000e-09
1.6217e-06 -1.0000e-09
1.6176e-06 -1.0000e-09
1.6136e-06 -1.0000e-09
1.6096e-06 -1.0000e-09
1.6056e-06 -1.0000e-09
1.6016e-06 -1.0000e-09
1.5976e-06 -1.0000e-09
1.5936e-06 -1.0000e-09
1.5896e-06 -1.0000e-09
1.5856e-06 -1.0000e-09
1.5815e-06 -1.0000e-09
1.5775e-06 -1.0000e-09
1.5735e-06 -1.0000e-09
1.5695e-06 -1.0000e-09
1.5655e-06 -1.0000e-09
1.5615e-06 -1.0000e-09
1.5575e-06 -1.0000e-09
1.5535e-06 -1.0000e-09
1.5494e-06 -1.0000e-09
1.5454e-06 -1.0000e-09
1.5414e-06 -1.0000e-09
1.5374e-06 -1.0000e-09
1.5334e-06 -1.0000e-09
1.5294e-06 -1.0000e-09
1.5254e-06 -1.0000e-09
1.5214e-06 -1.0000e-09
1.5174e-06 -1.0000e-09
1.5133e-06 -1.0000e-09
1.5093e-06 -1.0000e-09
1.5053e-06 -1.0000e-09
1.5013e-06 -1.0000e-09
1.4973e-06 -1.0000e-09
1.4933e-06 -1.0000e-09
1.4893e-06 -1.0000e-09
1.4853e-06 -1.0000e-09
1.4812e-06 -1.0000e-09
1.4772e-06 -1.0000e-09
1.4732e-06 -1.0000e-09
1.4692e-06 -1.0000e-09
1.4652e-06 -1.0000e-09
1.4612e-06 -1.0000e-09
1.4572e-06 -1.0000e-09
1.4532e-06 -1.0000e-09
1.4492e-06 -1.0000e-09
1.4451e-06 -1.0000e-09
1.4411e-06 -1.0000e-09
1.4371e-06 -1.0000e-09
1.4331e-06 -1.0000e-09
1.4291e-06 -1.0000e-09
1.4251e-06 -1.0000e-09
1.4211e-06 -1.0000e-09
1.4171e-06 -1.0000e-09
1.4130e-06 -1.0000e-09
1.4090e-06 -1.0000e-09
1.4050e-06 -1.0000e-09
1.4010e-06 -1.0000e-09
1.3970e-06 -1.0000e-09
1.3930e-06 -1.0000e-09
1.3890e-06 -1.0000e-09
1.3850e-06 -1.0000e-09
1.3810e-06 -1.0000e-09
1.3769e-06 -1.0000e-09
1.3729e-06 -1.0000e-09
1.3689e-06 -1.0000e-09
1.3649e-06 -1.0000e-09
1.3609e-06 -1.0000e-09
1.3569e-06 -1.0000e-09
1.3529e-06 -1.0000e-09
1.3489e-06 -1.0000e-09
1.3448e-06 -1.0000e-09
1.3408e-06 -1.0000e-09
1.3368e-06 -1.0000e-09
1.3328e-06 -1.0000e-09
1.3288e-06 -1.0000e-09
1.3248e-06 -1.0000e-09
1.3208e-06 -1.0000e-09
1.3168e-06 -1.0000e-09
1.3127e-06 -1.0000e-09
1.3087e-06 -1.0000e-09
1.3047e-06 -1.0000e-09
1.3007e-06 -1.0000e-09
1.2967e-06 -1.0000e-09
1.2927e-06 -1.0000e-09
1.2887e-06 -1.0000e-09
1.2847e-06 -1.0000e-09
1.2807e-06 -1.0000e-09
1.2766e-06 -1.0000e-09
1.2726e-06 -1.0000e-09
1.2686e-06 -1.0000e-09
1.2646e-06 -1.0000e-09
1.2606e-06 -1.0000e-09
1.2566e-06 -1.0000e-09
1.2526e-06 -1.0000e-09
1.2486e-06 -1.0000e-09
1.2445e-06 -1.0000e-09
1.2405e-06 -1.0000e-09
1.2365e-06 -1.0000e-09
1.2325e-06 -1.0000e-09
1.2285e-06 -1.0000e-09
1.2245e-06 -1.0000e-09
1.2205e-06 -1.0000e-09
1.2165e-06 -1.0000e-09
1.2125e-06 -1.0000e-09
1.2084e-06 -1.0000e-09
1.2044e-06 -1.0000e-09
1.2004e-06 -1.0000e-09
1.1964e-06 -1.0000e-09
1.1924e-06 -1.0000e-09
1.1884e-06 -1.0000e-09
1.1844e-06 -1.0000e-09
1.1804e-06 -1.0000e-09
1.1763e-06 -1.0000e-09
1.1723e-06 -1.0000e-09
1.1683e-06 -1.0000e-09
1.1643e-06 -1.0000e-09
1.1603e-06 -1.0000e-09
1.1563e-06 -1.0000e-09
1.1523e-06 -1.0000e-09
1.1483e-06 -1.0000e-09
1.1443e-06 -1.0000e-09
1.1402e-06 -1.0000e-09
1.1362e-06 -1.0000e-09
1.1322e-06 -1.0000e-09
1.1282e-06 -1.0000e-09
1.1242e-06 -1.0000e-09
1.1202e-06 -1.0000e-09
1.1162e-06 -1.0000e-09
1.1122e-06 -1.0000e-09
1.1081e-06 -1.0000e-09
1.1041e-06 -1.0000e-09
1.1001e-06 -1.0000e-09
1.0961e-06 -1.0000e-09
1.0921e-06 -1.0000e-09
1.0881e-06 -1.0000e-09
1.0841e-06 -1.0000e-09
1.0801e-06 -1.0000e-09
1.0760e-06 -1.0000e-09
1.0720e-06 -1.0000e-09
1.0680e-06 -1.0000e-09
1.0640e-06 -1.0000e-09
1.0600e-06 -1.0000e-09
1.0560e-06 -1.0000e-09
1.0520e-06 -1.0000e-09
1.0480e-06 -1.0000e-09
1.0440e-06 -1.0000e-09
1.0399e-06 -1.0000e-09
1.0359e-06 -1.0000e-09
1.0319e-06 -1.0000e-09
1.0279e-06 -1.0000e-09
1.0239e-06 -1.0000e-09
1.0199e-06 -1.0000e-09
1.0159e-06 -1.0000e-09
1.0119e-06 -1.0000e-09
1.0078e-06 -1.0000e-09
1.0038e-06 -1.0000e-09
9.9982e-07 -1.0000e-09
9.9581e-07 -1.0000e-09
9.9180e-07 -1.0000e-09
9.8779e-07 -1.0000e-09
9.8378e-07 -1.0000e-09
9.7976e-07 -1.0000e-09
9.7575e-07 -1.0000e-09
9.7174e-07 -1.0000e-09
9.6773e-07 -1.0000e-09
9.6372e-07 -1.0000e-09
9.5971e-07 -1.0000e-09
9.5569e-07 -1.0000e-09
9.5168e-07 -1.0000e-09
9.4767e-07 -1.0000e-09
9.4366e-07 -1.0000e-09
9.3965e-07 -1.0000e-09
9.3563e-07 -1.0000e-09
9.3162e-07 -1.0000e-09
9.2761e-07 -1.0000e-09
9.2360e-07 -1.0000e-09
9.1959e-07 -1.0000e-09
9.1557e-07 -1.0000e-09
9.1156e-07 -1.0000e-09
9.0755e-07 -1.0000e-09
9.0354e-07 -1.0000e-09
8.9953e-07 -1.0000e-09
8.9552e-07 -1.0000e-09
8.9150e-07 -1.0000e-09
8.8749e-07 -1.0000e-09
8.8348e-07 -1.0000e-09
8.7947e-07 -1.0000e-09
8.7546e-07 -1.0000e-09
8.7144e-07 -1.0000e-09
8.6743e-07 -1.0000e-09
8.6342e-07 -1.0000e-09
8.5941e-07 -1.0000e-09
8.5540e-07 -1.0000e-09
8.5138e-07 -1.0000e-09
8.4737e-07 -1.0000e-09
8.4336e-07 -1.0000e-09
8.3935e-07 -1.0000e-09
8.3534e-07 -1.0000e-09
8.3133e-07 -1.0000e-09
8.2731e-07 -1.0000e-09
8.2330e-07 -1.0000e-09
8.1929e-07 -1.0000e-09
8.1528e-07 -1.0000e-09
8.1127e-07 -1.0000e-09
8.0725e-07 -1.0000e-09
8.0324e-07 -1.0000e-09
7.9923e-07 -1.0000e-09
7.9522e-07 -1.0000e-09
7.9121e-07 -1.0000e-09
7.8720e-07 -1.0000e-09
7.8318e-07 -1.0000e-09
7.7917e-07 -1.0000e-09
7.7516e-07 -1.0000e-09
7.7115e-07 -1.0000e-09
7.6714e-07 -1.0000e-09
7.6312e-07 -1.0000e-09
7.5911e-07 -1.0000e-09
7.5510e-07 -1.0000e-09
7.5109e-07 -1.0000e-09
7.4708e-07 -1.0000e-09
7.4306e-07 -1.0000e-09
7.3905e-07 -1.0000e-09
7.3504e-07 -1.0000e-09
7.3103e-07 -1.0000e-09
7.2702e-07 -1.0000e-09
7.2301e-07 -1.0000e-09
7.1899e-07 -1.0000e-09
7.1498e-07 -1.0000e-09
7.1097e-07 -1.0000e-09
7.0696e-07 -1.0000e-09
7.0295e-07 -1.0000e-09
6.9893e-07 -1.0000e-09
6.9492e-07 -1.0000e-09
6.9091e-07 -1.0000e-09
6.8690e-07 -1.0000e-09
6.8289e-07 -1.0000e-09
6.7887e-07 -1.0000e-09
6.7486e-07 -1.0000e-09
6.7085e-07 -1.0000e-09
6.6684e-07 -1.0000e-09
6.6283e-07 -1.0000e-09
6.5882e-07 -1.0000e-09
6.5480e-07 -1.0000e-09
6.5079e-07 -1.0000e-09
6.4678e-07 -1.0000e-09
6.4277e-07 -1.0000e-09
6.3876e-07 -1.0000e-09
6.3474e-07 -1.0000e-09
6.3073e-07 -1.0000e-09
6.2672e-07 -1.0000e-09
6.2271e-07 -1.0000e-09
6.1870e-07 -1.0000e-09
6.1469e-07 -1.0000e-09
6.1067e-07 -1.0000e-09
6.0666e-07 -1.0000e-09
6.0265e-07 -1.0000e-09
5.9864e-07 -1.0000e-09
5.9463e-07 -1.0000e-09
5.9061e-07 -1.0000e-09
5.8660e-07 -1.0000e-09
5.8259e-07 -1.0000e-09
5.7858e-07 -1.0000e-09
5.7457e-07 -1.0000e-09
5.7055e-07 -1.0000e-09
5.6654e-07 -1.0000e-09
5.6253e-07 -1.0000e-09
5.5852e-07 -1.0000e-09
5.5451e-07 -1.0000e-09
5.5050e-07 -1.0000e-09
5.4648e-07 -1.0000e-09
5.4247e-07 -1.0000e-09
5.3846e-07 -1.0000e-09
5.3445e-07 -1.0000e-09
5.3044e-07 -1.0000e-09
5.2642e-07 -1.0000e-09
5.2241e-07 -1.0000e-09
5.1840e-07 -1.0000e-09
5.1439e-07 -1.0000e-09
5.1038e-07 -1.0000e-09
5.0637e-07 -1.0000e-09
5.0235e-07 -1.0000e-09
4.9834e-07 -1.0000e-09
4.9433e-07 -1.0000e-09
4.9032e-07 -1.0000e-09
4.8631e-07 -1.0000e-09
4.8229e-07 -1.0000e-09
4.7828e-07 -1.0000e-09
4.7427e-07 -1.0000e-09
4.7026e-07 -1.0000e-09
4.6625e-07 -1.0000e-09
4.6223e-07 -1.0000e-09
4.5822e-07 -1.0000e-09
4.5421e-07 -1.0000e-09
4.5020e-07 -1.0000e-09
4.4619e-07 -1.0000e-09
4.4218e-07 -1.0000e-09
4.3816e-07 -1.0000e-09
4.3415e-07 -1.0000e-09
4.3014e-07 -1.0000e-09
4.2613e-07 -1.0000e-09
4.2212e-07 -1.0000e-09
4.1810e-07 -1.0000e-09
4.1409e-07 -1.0000e-09
4.1008e-07 -1.0000e-09
4.0607e-07 -1.0000e-09
4.0206e-07 -1.0000e-09
3.9804e-07 -1.0000e-09
3.9403e-07 -1.0000e-09
3.9002e-07 -1.0000e-09
3.8601e-07 -1.0000e-09
3.8200e-07 -1.0000e-09
3.7799e-07 -1.0000e-09
3.7397e-07 -1.0000e-09
3.6996e-07 -1.0000e-09
3.6595e-07 -1.0000e-09
3.6194e-07 -1.0000e-09
3.5793e-07 -1.0000e-09
3.5391e-07 -1.0000e-09
3.4990e-07 -1.0000e-09
3.4589e-07 -1.0000e-09
3.4188e-07 -1.0000e-09
3.3787e-07 -1.0000e-09
3.3386e-07 -1.0000e-09
3.2984e-07 -1.0000e-09
3.2583e-07 -1.0000e-09
3.2182e-07 -1.0000e-09
3.1781e-07 -1.0000e-09
3.1380e-07 -1.0000e-09
3.0978e-07 -1.0000e-09
3.0577e-07 -1.0000e-09
3.0176e-07 -1.0000e-09
2.9775e-07 -1.0000e-09
2.9374e-07 -1.0000e-09
2.8972e-07 -1.0000e-09
2.8571e-07 -1.0000e-09
2.8170e-07 -1.0000e-09
2.7769e-07 -1.0000e-09
2.7368e-07 -1.0000e-09
2.6967e-07 -1.0000e-09
2.6565e-07 -1.0000e-09
2.6164e-07 -1.0000e-09
2.5763e-07 -1.0000e-09
2.5362e-07 -1.0000e-09
2.4961e-07 -1.0000e-09
2.4559e-07 -1.0000e-09
2.4158e-07 -1.0000e-09
2.3757e-07 -1.0000e-09
2.3356e-07 -1.0000e-09
2.2955e-07 -1.0000e-09
2.2553e-07 -1.0000e-09
2.2152e-07 -1.0000e-09
2.1751e-07 -1.0000e-09
2.1350e-07 -1.0000e-09
2.0949e-07 -1.0000e-09
2.0548e-07 -1.0000e-09
2.0146e-07 -1.0000e-09
1.9745e-07 -1.0000e-09
1.9344e-07 -1.0000e-09
1.8943e-07 -1.0000e-09
1.8542e-07 -1.0000e-09
1.8140e-07 -1.0000e-09
1.7739e-07 -1.0000e-09
1.7338e-07 -1.0000e-09
1.6937e-07 -1.0000e-09
1.6536e-07 -1.0000e-09
1.6135e-07 -1.0000e-09
1.5733e-07 -1.0000e-09
1.5332e-07 -1.0000e-09
1.4931e-07 -1.0000e-09
1.4530e-07 -1.0000e-09
1.4129e-07 -1.0000e-09
1.3727e-07 -1.0000e-09
1.3326e-07 -1.0000e-09
1.2925e-07 -1.0000e-09
1.2524e-07 -1.0000e-09
1.2123e-07 -1.0000e-09
1.1721e-07 -1.0000e-09
1.1320e-07 -1.0000e-09
1.0919e-07 -1.0000e-09
1.0518e-07 -1.0000e-09
1.0117e-07 -1.0000e-09
9.7156e-08 -1.0000e-09
9.3144e-08 -1.0000e-09
8.9132e-08 -1.0000e-09
8.5120e-08 -1.0000e-09
8.1108e-08 -1.0000e-09
7.7096e-08 -1.0000e-09
7.3084e-08 -1.0000e-09
6.9073e-08 -1.0000e-09
6.5061e-08 -1.0000e-09
6.1049e-08 -1.0000e-09
5.7037e-08 -1.0000e-09
5.3025e-08 -1.0000e-09
4.9013e-08 -1.0000e-09
4.5001e-08 -1.0000e-09
4.0990e-08 -1.0000e-09
3.6978e-08 -1.0000e-09
3.2966e-08 -1.0000e-09
2.8954e-08 -1.0000e-09
2.4942e-08 -1.0000e-09
2.0930e-08 -1.0000e-09
1.6918e-08 -1.0000e-09
1.2907e-08 -1.0000e-09
8.8947e-09 -1.0000e-09
4.4547e-09 -9.0371e-10
3.8828e-09 1.9007e-09
3.8828e-09 3.8014e-09
3.8828e-09 5.7020e-09
3.8828e-09 7.6027e-09
3.8828e-09 9.5034e-09
3.8828e-09 1.1404e-08
3.8828e-09 1.3305e-08
3.8828e-09 1.5205e-08
3.8828e-09 1.7106e-08
3.8828e-09 1.9007e-08
3.8828e-09 2.0907e-08
3.8828e-09 2.2808e-08
3.8828e-09 2.4709e-08
5.8638e-09 2.6416e-08
