1.2046e-06 4.4326e-08
1.2095e-06 4.5173e-08
1.2114e-06 4.5085e-08
1.2134e-06 4.5001e-08
1.2155e-06 4.4909e-08
1.2177e-06 4.4691e-08
1.2196e-06 4.4456e-08
1.2215e-06 4.4349e-08
1.2235e-06 4.4232e-08
1.2256e-06 4.4108e-08
1.2277e-06 4.3869e-08
1.2296e-06 4.3652e-08
1.2315e-06 4.3546e-08
1.2335e-06 4.3431e-08
1.2356e-06 4.3312e-08
1.2376e-06 4.3128e-08
1.2396e-06 4.2968e-08
1.2415e-06 4.2853e-08
1.2435e-06 4.2735e-08
1.2456e-06 4.2613e-08
1.2476e-06 4.2462e-08
1.2497e-06 4.2290e-08
1.2517e-06 4.2091e-08
1.2537e-06 4.1895e-08
1.2557e-06 4.1703e-08
1.2578e-06 4.1514e-08
1.2599e-06 4.1228e-08
1.2620e-06 4.0883e-08
1.2640e-06 4.0551e-08
1.2659e-06 4.0246e-08
1.2680e-06 3.9962e-08
1.2701e-06 3.9583e-08
1.2721e-06 3.9182e-08
1.2741e-06 3.8790e-08
1.2761e-06 3.8417e-08
1.2782e-06 3.8038e-08
1.2803e-06 3.7540e-08
1.2823e-06 3.7037e-08
1.2844e-06 3.6537e-08
1.2864e-06 3.6022e-08
1.2884e-06 3.5494e-08
1.2905e-06 3.4937e-08
1.2925e-06 3.4385e-08
1.2945e-06 3.3832e-08
1.2965e-06 3.3271e-08
1.2985e-06 3.2705e-08
1.3005e-06 3.2125e-08
1.3025e-06 3.1548e-08
1.3045e-06 3.0975e-08
1.3065e-06 3.0423e-08
1.3106e-06 2.8510e-08
1.3114e-06 2.4022e-08
1.3114e-06 2.2020e-08
1.3114e-06 2.0019e-08
1.3114e-06 1.8017e-08
1.3114e-06 1.6015e-08
1.3114e-06 1.4013e-08
1.3114e-06 1.2011e-08
1.3114e-06 1.0009e-08
1.3114e-06 8.0074e-09
1.3114e-06 6.0056e-09
1.3114e-06 4.0037e-09
1.3114e-06 2.0019e-09
1.3103e-06 -2.8354e-09
1.3054e-06 -4.0078e-09
1.3034e-06 -4.0078e-09
1.3014e-06 -4.0078e-09
1.2994e-06 -4.0078e-09
1.2974e-06 -4.0078e-09
1.2954e-06 -4.0078e-09
1.2934e-06 -4.0078e-09
1.2914e-06 -4.0078e-09
1.2894e-06 -4.0078e-09
1.2874e-06 -4.0078e-09
1.2854e-06 -4.0078e-09
1.2834e-06 -4.0078e-09
1.2814e-06 -4.0078e-09
1.2794e-06 -4.0078e-09
1.2774e-06 -4.0078e-09
1.2754e-06 -4.0078e-09
1.2734e-06 -4.0078e-09
1.2714e-06 -4.0078e-09
1.2694e-06 -4.0078e-09
1.2674e-06 -4.0078e-09
1.2653e-06 -4.0078e-09
1.2633e-06 -4.0078e-09
1.2613e-06 -4.0078e-09
1.2593e-06 -4.0078e-09
1.2573e-06 -4.0078e-09
1.2553e-06 -4.0078e-09
1.2533e-06 -4.0078e-09
1.2513e-06 -4.0078e-09
1.2493e-06 -4.0078e-09
1.2473e-06 -4.0078e-09
1.2453e-06 -4.0078e-09
1.2433e-06 -4.0078e-09
1.2413e-06 -4.0078e-09
1.2393e-06 -4.0078e-09
1.2373e-06 -4.0078e-09
1.2353e-06 -4.0078e-09
1.2333e-06 -4.0078e-09
1.2313e-06 -4.0078e-09
1.2293e-06 -4.0078e-09
1.2273e-06 -4.0078e-09
1.2253e-06 -4.0078e-09
1.2233e-06 -4.0078e-09
1.2213e-06 -4.0078e-09
1.2193e-06 -4.0078e-09
1.2173e-06 -4.0078e-09
1.2153e-06 -4.0078e-09
1.2132e-06 -4.0078e-09
1.2112e-06 -4.0078e-09
1.2092e-06 -4.0078e-09
1.2044e-06 -2.8590e-09
1.2032e-06 1.9687e-09
1.2032e-06 3.9375e-09
1.2032e-06 5.9062e-09
1.2032e-06 7.8749e-09
1.2032e-06 9.8437e-09
1.2032e-06 1.1812e-08
1.2032e-06 1.3781e-08
1.2032e-06 1.5750e-08
1.2032e-06 1.7719e-08
1.2032e-06 1.9687e-08
1.2032e-06 2.1656e-08
1.2032e-06 2.3625e-08
1.2032e-06 2.5594e-08
1.2032e-06 2.7562e-08
1.2032e-06 2.9531e-08
1.2032e-06 3.1500e-08
1.2032e-06 3.3468e-08
1.2032e-06 3.5437e-08
1.2032e-06 3.7406e-08
1.2032e-06 3.9375e-08
