8.0385e-07 3.3867e-08
8.0886e-07 3.4586e-08
8.1084e-07 3.4396e-08
8.1283e-07 3.4212e-08
8.1487e-07 3.4024e-08
8.1694e-07 3.3798e-08
8.1896e-07 3.3546e-08
8.2095e-07 3.3312e-08
8.2295e-07 3.3078e-08
8.2501e-07 3.2836e-08
8.2712e-07 3.2523e-08
8.2908e-07 3.2195e-08
8.3100e-07 3.1954e-08
8.3300e-07 3.1704e-08
8.3503e-07 3.1450e-08
8.3705e-07 3.1173e-08
8.3900e-07 3.0906e-08
8.4094e-07 3.0700e-08
8.4295e-07 3.0487e-08
8.4502e-07 3.0265e-08
8.4709e-07 2.9968e-08
8.4899e-07 2.9709e-08
8.5090e-07 2.9536e-08
8.5291e-07 2.9353e-08
8.5498e-07 2.9162e-08
8.5697e-07 2.8914e-08
8.5877e-07 2.8754e-08
8.6065e-07 2.8714e-08
8.6265e-07 2.8669e-08
8.6462e-07 2.8630e-08
8.6646e-07 2.8619e-08
8.6820e-07 2.8721e-08
8.7007e-07 2.8962e-08
8.7205e-07 2.9216e-08
8.7399e-07 2.9483e-08
8.7586e-07 2.9784e-08
8.7772e-07 3.0172e-08
8.7967e-07 3.0635e-08
8.8167e-07 3.1110e-08
8.8367e-07 3.1587e-08
8.8568e-07 3.2065e-08
8.8768e-07 3.2542e-08
8.8969e-07 3.3019e-08
8.9176e-07 3.3510e-08
8.9389e-07 3.3941e-08
8.9597e-07 3.4296e-08
8.9799e-07 3.4627e-08
8.9999e-07 3.4953e-08
9.0207e-07 3.5291e-08
9.0419e-07 3.5555e-08
9.0618e-07 3.5763e-08
9.0814e-07 3.6016e-08
9.1014e-07 3.6277e-08
9.1214e-07 3.6537e-08
9.1415e-07 3.6798e-08
9.1619e-07 3.7059e-08
9.1822e-07 3.7289e-08
9.2023e-07 3.7515e-08
9.2223e-07 3.7740e-08
9.2423e-07 3.7969e-08
9.2625e-07 3.8197e-08
9.2827e-07 3.8409e-08
9.3027e-07 3.8621e-08
9.3224e-07 3.8829e-08
9.3422e-07 3.9073e-08
9.3624e-07 3.9315e-08
9.3825e-07 3.9546e-08
9.4026e-07 3.9776e-08
9.4226e-07 4.0006e-08
9.4427e-07 4.0237e-08
9.4629e-07 4.0460e-08
9.4831e-07 4.0674e-08
9.5032e-07 4.0889e-08
9.5238e-07 4.1092e-08
9.5443e-07 4.1258e-08
9.5645e-07 4.1411e-08
9.5846e-07 4.1558e-08
9.6050e-07 4.1706e-08
9.6258e-07 4.1822e-08
9.6462e-07 4.1889e-08
9.6661e-07 4.1965e-08
9.6861e-07 4.2045e-08
9.7068e-07 4.2127e-08
9.7280e-07 4.2144e-08
9.7484e-07 4.2107e-08
9.7682e-07 4.2086e-08
9.7883e-07 4.2068e-08
9.8090e-07 4.2048e-08
9.8300e-07 4.1958e-08
9.8506e-07 4.1836e-08
9.8708e-07 4.1697e-08
9.8908e-07 4.1560e-08
9.9112e-07 4.1419e-08
9.9317e-07 4.1241e-08
9.9517e-07 4.1059e-08
9.9716e-07 4.0893e-08
9.9916e-07 4.0725e-08
1.0012e-06 4.0551e-08
1.0033e-06 4.0312e-08
1.0053e-06 4.0074e-08
1.0098e-06 3.8539e-08
1.0109e-06 3.3867e-08
1.0109e-06 3.1874e-08
1.0109e-06 2.9882e-08
1.0109e-06 2.7890e-08
1.0109e-06 2.5898e-08
1.0109e-06 2.3906e-08
1.0109e-06 2.1914e-08
1.0109e-06 1.9922e-08
1.0109e-06 1.7929e-08
1.0109e-06 1.5937e-08
1.0109e-06 1.3945e-08
1.0109e-06 1.1953e-08
1.0109e-06 9.9608e-09
1.0109e-06 7.9686e-09
1.0109e-06 5.9765e-09
1.0109e-06 3.9843e-09
1.0109e-06 1.9922e-09
1.0097e-06 -2.8423e-09
1.0048e-06 -4.0078e-09
1.0028e-06 -4.0078e-09
1.0008e-06 -4.0078e-09
9.9883e-07 -4.0078e-09
9.9682e-07 -4.0078e-09
9.9482e-07 -4.0078e-09
9.9282e-07 -4.0078e-09
9.9081e-07 -4.0078e-09
9.8881e-07 -4.0078e-09
9.8680e-07 -4.0078e-09
9.8480e-07 -4.0078e-09
9.8280e-07 -4.0078e-09
9.8079e-07 -4.0078e-09
9.7879e-07 -4.0078e-09
9.7678e-07 -4.0078e-09
9.7478e-07 -4.0078e-09
9.7278e-07 -4.0078e-09
9.7077e-07 -4.0078e-09
9.6877e-07 -4.0078e-09
9.6676e-07 -4.0078e-09
9.6476e-07 -4.0078e-09
9.6276e-07 -4.0078e-09
9.6075e-07 -4.0078e-09
9.5875e-07 -4.0078e-09
9.5675e-07 -4.0078e-09
9.5474e-07 -4.0078e-09
9.5274e-07 -4.0078e-09
9.5073e-07 -4.0078e-09
9.4873e-07 -4.0078e-09
9.4673e-07 -4.0078e-09
9.4472e-07 -4.0078e-09
9.4272e-07 -4.0078e-09
9.4071e-07 -4.0078e-09
9.3871e-07 -4.0078e-09
9.3671e-07 -4.0078e-09
9.3470e-07 -4.0078e-09
9.3270e-07 -4.0078e-09
9.3069e-07 -4.0078e-09
9.2869e-07 -4.0078e-09
9.2669e-07 -4.0078e-09
9.2468e-07 -4.0078e-09
9.2268e-07 -4.0078e-09
9.2067e-07 -4.0078e-09
9.1867e-07 -4.0078e-09
9.1667e-07 -4.0078e-09
9.1466e-07 -4.0078e-09
9.1266e-07 -4.0078e-09
9.1066e-07 -4.0078e-09
9.0865e-07 -4.0078e-09
9.0665e-07 -4.0078e-09
9.0464e-07 -4.0078e-09
9.0264e-07 -4.0078e-09
9.0064e-07 -4.0078e-09
8.9863e-07 -4.0078e-09
8.9663e-07 -4.0078e-09
8.9462e-07 -4.0078e-09
8.9262e-07 -4.0078e-09
8.9062e-07 -4.0078e-09
8.8861e-07 -4.0078e-09
8.8661e-07 -4.0078e-09
8.8460e-07 -4.0078e-09
8.8260e-07 -4.0078e-09
8.8060e-07 -4.0078e-09
8.7859e-07 -4.0078e-09
8.7659e-07 -4.0078e-09
8.7458e-07 -4.0078e-09
8.7258e-07 -4.0078e-09
8.7058e-07 -4.0078e-09
8.6857e-07 -4.0078e-09
8.6657e-07 -4.0078e-09
8.6456e-07 -4.0078e-09
8.6256e-07 -4.0078e-09
8.6056e-07 -4.0078e-09
8.5855e-07 -4.0078e-09
8.5655e-07 -4.0078e-09
8.5455e-07 -4.0078e-09
8.5254e-07 -4.0078e-09
8.5054e-07 -4.0078e-09
8.4853e-07 -4.0078e-09
8.4653e-07 -4.0078e-09
8.4453e-07 -4.0078e-09
8.4252e-07 -4.0078e-09
8.4052e-07 -4.0078e-09
8.3851e-07 -4.0078e-09
8.3651e-07 -4.0078e-09
8.3451e-07 -4.0078e-09
8.3250e-07 -4.0078e-09
8.3050e-07 -4.0078e-09
8.2849e-07 -4.0078e-09
8.2649e-07 -4.0078e-09
8.2449e-07 -4.0078e-09
8.2248e-07 -4.0078e-09
8.2048e-07 -4.0078e-09
8.1847e-07 -4.0078e-09
8.1647e-07 -4.0078e-09
8.1447e-07 -4.0078e-09
8.1246e-07 -4.0078e-09
8.1046e-07 -4.0078e-09
8.0846e-07 -4.0078e-09
8.0367e-07 -2.8896e-09
8.0244e-07 1.9260e-09
8.0244e-07 3.8521e-09
8.0244e-07 5.7781e-09
8.0244e-07 7.7042e-09
8.0244e-07 9.6302e-09
8.0244e-07 1.1556e-08
8.0244e-07 1.3482e-08
8.0244e-07 1.5408e-08
8.0244e-07 1.7334e-08
8.0244e-07 1.9260e-08
8.0244e-07 2.1187e-08
8.0244e-07 2.3113e-08
8.0244e-07 2.5039e-08
8.0244e-07 2.6965e-08
8.0244e-07 2.8891e-08
