1.9101e-06 3.2531e-08
1.9147e-06 3.2085e-08
1.9187e-06 3.1558e-08
1.9227e-06 3.0965e-08
1.9267e-06 3.0242e-08
1.9308e-06 2.9538e-08
1.9348e-06 2.8767e-08
1.9388e-06 2.7943e-08
1.9428e-06 2.7056e-08
1.9468e-06 2.6202e-08
1.9508e-06 2.5373e-08
1.9548e-06 2.4611e-08
1.9588e-06 2.3889e-08
1.9628e-06 2.3361e-08
1.9668e-06 2.2988e-08
1.9707e-06 2.2730e-08
1.9747e-06 2.2637e-08
1.9787e-06 2.2692e-08
1.9827e-06 2.3022e-08
1.9866e-06 2.3314e-08
1.9906e-06 2.3861e-08
1.9947e-06 2.4291e-08
1.9987e-06 2.4779e-08
2.0027e-06 2.5292e-08
2.0071e-06 2.5730e-08
2.0078e-06 2.3119e-08
2.0078e-06 2.1468e-08
2.0078e-06 1.9816e-08
2.0078e-06 1.8165e-08
2.0078e-06 1.6514e-08
2.0078e-06 1.4862e-08
2.0078e-06 1.3211e-08
2.0078e-06 1.1560e-08
2.0078e-06 9.9082e-09
2.0078e-06 8.2568e-09
2.0078e-06 6.6055e-09
2.0078e-06 4.9541e-09
2.0078e-06 3.3027e-09
2.0078e-06 1.6514e-09
2.0072e-06 -9.2472e-10
2.0028e-06 -1.0000e-09
1.9988e-06 -1.0000e-09
1.9948e-06 -1.0000e-09
1.9908e-06 -1.0000e-09
1.9867e-06 -1.0000e-09
1.9827e-06 -1.0000e-09
1.9787e-06 -1.0000e-09
1.9747e-06 -1.0000e-09
1.9707e-06 -1.0000e-09
1.9667e-06 -1.0000e-09
1.9627e-06 -1.0000e-09
1.9587e-06 -1.0000e-09
1.9546e-06 -1.0000e-09
1.9506e-06 -1.0000e-09
1.9466e-06 -1.0000e-09
1.9426e-06 -1.0000e-09
1.9386e-06 -1.0000e-09
1.9346e-06 -1.0000e-09
1.9306e-06 -1.0000e-09
1.9266e-06 -1.0000e-09
1.9226e-06 -1.0000e-09
1.9185e-06 -1.0000e-09
1.9145e-06 -1.0000e-09
1.9101e-06 -8.8535e-10
1.9095e-06 2.1068e-09
1.9095e-06 4.2136e-09
1.9095e-06 6.3204e-09
1.9095e-06 8.4271e-09
1.9095e-06 1.0534e-08
1.9095e-06 1.2641e-08
1.9095e-06 1.4747e-08
1.9095e-06 1.6854e-08
1.9095e-06 1.8961e-08
1.9095e-06 2.1068e-08
1.9095e-06 2.3175e-08
1.9095e-06 2.5281e-08
1.9095e-06 2.7388e-08
1.9095e-06 2.9495e-08
