1.6053e-06 4.3197e-08
1.6101e-06 4.4227e-08
1.6121e-06 4.4192e-08
1.6141e-06 4.4157e-08
1.6161e-06 4.4122e-08
1.6182e-06 4.4056e-08
1.6202e-06 4.3989e-08
1.6222e-06 4.3924e-08
1.6242e-06 4.3858e-08
1.6262e-06 4.3789e-08
1.6283e-06 4.3669e-08
1.6303e-06 4.3544e-08
1.6323e-06 4.3409e-08
1.6343e-06 4.3274e-08
1.6363e-06 4.3141e-08
1.6383e-06 4.3011e-08
1.6403e-06 4.2889e-08
1.6423e-06 4.2775e-08
1.6443e-06 4.2660e-08
1.6464e-06 4.2534e-08
1.6484e-06 4.2385e-08
1.6504e-06 4.2236e-08
1.6524e-06 4.2087e-08
1.6544e-06 4.1938e-08
1.6564e-06 4.1789e-08
1.6584e-06 4.1638e-08
1.6605e-06 4.1462e-08
1.6625e-06 4.1280e-08
1.6645e-06 4.1096e-08
1.6665e-06 4.0894e-08
1.6686e-06 4.0677e-08
1.6706e-06 4.0431e-08
1.6726e-06 4.0185e-08
1.6747e-06 3.9937e-08
1.6767e-06 3.9664e-08
1.6787e-06 3.9384e-08
1.6807e-06 3.9123e-08
1.6827e-06 3.8859e-08
1.6847e-06 3.8588e-08
1.6868e-06 3.8262e-08
1.6888e-06 3.7929e-08
1.6908e-06 3.7599e-08
1.6928e-06 3.7268e-08
1.6949e-06 3.6933e-08
1.6969e-06 3.6566e-08
1.6989e-06 3.6189e-08
1.7010e-06 3.5790e-08
1.7030e-06 3.5395e-08
1.7051e-06 3.4980e-08
1.7071e-06 3.4491e-08
1.7113e-06 3.2736e-08
1.7122e-06 2.8246e-08
1.7122e-06 2.6363e-08
1.7122e-06 2.4480e-08
1.7122e-06 2.2597e-08
1.7122e-06 2.0714e-08
1.7122e-06 1.8831e-08
1.7122e-06 1.6948e-08
1.7122e-06 1.5065e-08
1.7122e-06 1.3182e-08
1.7122e-06 1.1299e-08
1.7122e-06 9.4155e-09
1.7122e-06 7.5324e-09
1.7122e-06 5.6493e-09
1.7122e-06 3.7662e-09
1.7122e-06 1.8831e-09
1.7110e-06 -2.9207e-09
1.7062e-06 -4.0078e-09
1.7042e-06 -4.0078e-09
1.7022e-06 -4.0078e-09
1.7002e-06 -4.0078e-09
1.6982e-06 -4.0078e-09
1.6962e-06 -4.0078e-09
1.6942e-06 -4.0078e-09
1.6922e-06 -4.0078e-09
1.6902e-06 -4.0078e-09
1.6882e-06 -4.0078e-09
1.6862e-06 -4.0078e-09
1.6842e-06 -4.0078e-09
1.6822e-06 -4.0078e-09
1.6802e-06 -4.0078e-09
1.6782e-06 -4.0078e-09
1.6762e-06 -4.0078e-09
1.6741e-06 -4.0078e-09
1.6721e-06 -4.0078e-09
1.6701e-06 -4.0078e-09
1.6681e-06 -4.0078e-09
1.6661e-06 -4.0078e-09
1.6641e-06 -4.0078e-09
1.6621e-06 -4.0078e-09
1.6601e-06 -4.0078e-09
1.6581e-06 -4.0078e-09
1.6561e-06 -4.0078e-09
1.6541e-06 -4.0078e-09
1.6521e-06 -4.0078e-09
1.6501e-06 -4.0078e-09
1.6481e-06 -4.0078e-09
1.6461e-06 -4.0078e-09
1.6441e-06 -4.0078e-09
1.6421e-06 -4.0078e-09
1.6401e-06 -4.0078e-09
1.6381e-06 -4.0078e-09
1.6361e-06 -4.0078e-09
1.6341e-06 -4.0078e-09
1.6321e-06 -4.0078e-09
1.6301e-06 -4.0078e-09
1.6281e-06 -4.0078e-09
1.6261e-06 -4.0078e-09
1.6241e-06 -4.0078e-09
1.6220e-06 -4.0078e-09
1.6200e-06 -4.0078e-09
1.6180e-06 -4.0078e-09
1.6160e-06 -4.0078e-09
1.6140e-06 -4.0078e-09
1.6120e-06 -4.0078e-09
1.6100e-06 -4.0078e-09
1.6052e-06 -2.8958e-09
1.6040e-06 1.9175e-09
1.6040e-06 3.8349e-09
1.6040e-06 5.7524e-09
1.6040e-06 7.6699e-09
1.6040e-06 9.5873e-09
1.6040e-06 1.1505e-08
1.6040e-06 1.3422e-08
1.6040e-06 1.5340e-08
1.6040e-06 1.7257e-08
1.6040e-06 1.9175e-08
1.6040e-06 2.1092e-08
1.6040e-06 2.3010e-08
1.6040e-06 2.4927e-08
1.6040e-06 2.6844e-08
1.6040e-06 2.8762e-08
1.6040e-06 3.0679e-08
1.6040e-06 3.2597e-08
1.6040e-06 3.4514e-08
1.6040e-06 3.6432e-08
1.6040e-06 3.8349e-08
