1.0042e-06 3.8873e-08
1.0093e-06 3.9604e-08
1.0113e-06 3.9372e-08
1.0133e-06 3.9159e-08
1.0152e-06 3.8966e-08
1.0172e-06 3.8801e-08
1.0192e-06 3.8632e-08
1.0213e-06 3.8442e-08
1.0233e-06 3.8189e-08
1.0253e-06 3.7962e-08
1.0273e-06 3.7749e-08
1.0293e-06 3.7532e-08
1.0314e-06 3.7281e-08
1.0334e-06 3.6980e-08
1.0353e-06 3.6754e-08
1.0373e-06 3.6558e-08
1.0394e-06 3.6352e-08
1.0415e-06 3.6085e-08
1.0435e-06 3.5759e-08
1.0456e-06 3.5427e-08
1.0476e-06 3.5093e-08
1.0496e-06 3.4755e-08
1.0517e-06 3.4388e-08
1.0537e-06 3.4006e-08
1.0557e-06 3.3643e-08
1.0577e-06 3.3280e-08
1.0596e-06 3.2923e-08
1.0616e-06 3.2612e-08
1.0636e-06 3.2305e-08
1.0657e-06 3.1928e-08
1.0677e-06 3.1563e-08
1.0694e-06 3.1242e-08
1.0710e-06 3.1219e-08
1.0732e-06 3.1207e-08
1.0753e-06 3.1018e-08
1.0773e-06 3.0840e-08
1.0787e-06 3.0670e-08
1.0802e-06 3.1016e-08
1.0823e-06 3.1452e-08
1.0845e-06 3.1744e-08
1.0864e-06 3.2014e-08
1.0882e-06 3.2252e-08
1.0899e-06 3.2758e-08
1.0920e-06 3.3315e-08
1.0940e-06 3.3836e-08
1.0960e-06 3.4352e-08
1.0981e-06 3.4867e-08
1.1001e-06 3.5365e-08
1.1021e-06 3.5853e-08
1.1041e-06 3.6331e-08
1.1094e-06 3.6148e-08
1.1110e-06 3.0973e-08
1.1110e-06 2.9037e-08
1.1110e-06 2.7101e-08
1.1110e-06 2.5165e-08
1.1110e-06 2.3229e-08
1.1110e-06 2.1294e-08
1.1110e-06 1.9358e-08
1.1110e-06 1.7422e-08
1.1110e-06 1.5486e-08
1.1110e-06 1.3551e-08
1.1110e-06 1.1615e-08
1.1110e-06 9.6790e-09
1.1110e-06 7.7432e-09
1.1110e-06 5.8074e-09
1.1110e-06 3.8716e-09
1.1110e-06 1.9358e-09
1.1098e-06 -2.8826e-09
1.1050e-06 -4.0078e-09
1.1030e-06 -4.0078e-09
1.1010e-06 -4.0078e-09
1.0990e-06 -4.0078e-09
1.0970e-06 -4.0078e-09
1.0950e-06 -4.0078e-09
1.0930e-06 -4.0078e-09
1.0910e-06 -4.0078e-09
1.0890e-06 -4.0078e-09
1.0870e-06 -4.0078e-09
1.0850e-06 -4.0078e-09
1.0830e-06 -4.0078e-09
1.0810e-06 -4.0078e-09
1.0790e-06 -4.0078e-09
1.0770e-06 -4.0078e-09
1.0750e-06 -4.0078e-09
1.0730e-06 -4.0078e-09
1.0710e-06 -4.0078e-09
1.0690e-06 -4.0078e-09
1.0670e-06 -4.0078e-09
1.0650e-06 -4.0078e-09
1.0630e-06 -4.0078e-09
1.0609e-06 -4.0078e-09
1.0589e-06 -4.0078e-09
1.0569e-06 -4.0078e-09
1.0549e-06 -4.0078e-09
1.0529e-06 -4.0078e-09
1.0509e-06 -4.0078e-09
1.0489e-06 -4.0078e-09
1.0469e-06 -4.0078e-09
1.0449e-06 -4.0078e-09
1.0429e-06 -4.0078e-09
1.0409e-06 -4.0078e-09
1.0389e-06 -4.0078e-09
1.0369e-06 -4.0078e-09
1.0349e-06 -4.0078e-09
1.0329e-06 -4.0078e-09
1.0309e-06 -4.0078e-09
1.0289e-06 -4.0078e-09
1.0269e-06 -4.0078e-09
1.0249e-06 -4.0078e-09
1.0229e-06 -4.0078e-09
1.0209e-06 -4.0078e-09
1.0189e-06 -4.0078e-09
1.0169e-06 -4.0078e-09
1.0149e-06 -4.0078e-09
1.0129e-06 -4.0078e-09
1.0109e-06 -4.0078e-09
1.0088e-06 -4.0078e-09
1.0040e-06 -2.8423e-09
1.0028e-06 1.9922e-09
1.0028e-06 3.9843e-09
1.0028e-06 5.9765e-09
1.0028e-06 7.9686e-09
1.0028e-06 9.9608e-09
1.0028e-06 1.1953e-08
1.0028e-06 1.3945e-08
1.0028e-06 1.5937e-08
1.0028e-06 1.7929e-08
1.0028e-06 1.9922e-08
1.0028e-06 2.1914e-08
1.0028e-06 2.3906e-08
1.0028e-06 2.5898e-08
1.0028e-06 2.7890e-08
1.0028e-06 2.9882e-08
1.0028e-06 3.1874e-08
1.0028e-06 3.3867e-08
