1.6053e-06 4.3197e-08
1.6101e-06 4.4227e-08
1.6121e-06 4.4192e-08
1.6141e-06 4.4157e-08
1.6161e-06 4.4122e-08
1.6182e-06 4.4056e-08
1.6202e-06 4.3989e-08
1.6222e-06 4.3924e-08
1.6242e-06 4.3858e-08
1.6262e-06 4.3789e-08
1.6283e-06 4.3669e-08
1.6303e-06 4.3544e-08
1.6323e-06 4.3409e-08
1.6343e-06 4.3274e-08
1.6363e-06 4.3141e-08
1.6383e-06 4.3011e-08
1.6403e-06 4.2889e-08
1.6423e-06 4.2775e-08
1.6443e-06 4.2660e-08
1.6464e-06 4.2534e-08
1.6484e-06 4.2385e-08
1.6504e-06 4.2236e-08
1.6524e-06 4.2087e-08
1.6544e-06 4.1938e-08
1.6564e-06 4.1789e-08
1.6584e-06 4.1638e-08
1.6605e-06 4.1462e-08
1.6625e-06 4.1280e-08
1.6645e-06 4.1096e-08
1.6665e-06 4.0894e-08
1.6686e-06 4.0677e-08
1.6706e-06 4.0431e-08
1.6726e-06 4.0185e-08
1.6747e-06 3.9937e-08
1.6767e-06 3.9664e-08
1.6787e-06 3.9384e-08
1.6807e-06 3.9123e-08
1.6827e-06 3.8859e-08
1.6847e-06 3.8588e-08
1.6868e-06 3.8262e-08
1.6888e-06 3.7929e-08
1.6908e-06 3.7599e-08
1.6928e-06 3.7268e-08
1.6949e-06 3.6933e-08
1.6969e-06 3.6566e-08
1.6989e-06 3.6189e-08
1.7010e-06 3.5790e-08
1.7030e-06 3.5395e-08
1.7051e-06 3.4980e-08
1.7071e-06 3.4491e-08
1.7091e-06 3.4043e-08
1.7111e-06 3.3622e-08
1.7131e-06 3.3196e-08
1.7150e-06 3.2779e-08
1.7170e-06 3.2387e-08
1.7190e-06 3.1991e-08
1.7210e-06 3.1594e-08
1.7229e-06 3.1217e-08
1.7246e-06 3.0971e-08
1.7264e-06 3.0923e-08
1.7285e-06 3.0794e-08
1.7306e-06 3.0634e-08
1.7324e-06 3.0487e-08
1.7340e-06 3.0498e-08
1.7358e-06 3.0729e-08
1.7379e-06 3.0918e-08
1.7400e-06 3.1079e-08
1.7418e-06 3.1221e-08
1.7435e-06 3.1505e-08
1.7454e-06 3.1970e-08
1.7475e-06 3.2409e-08
1.7495e-06 3.2828e-08
1.7515e-06 3.3251e-08
1.7536e-06 3.3648e-08
1.7556e-06 3.4036e-08
1.7577e-06 3.4373e-08
1.7597e-06 3.4702e-08
1.7617e-06 3.5039e-08
1.7638e-06 3.5325e-08
1.7658e-06 3.5590e-08
1.7678e-06 3.5852e-08
1.7698e-06 3.6114e-08
1.7719e-06 3.6386e-08
1.7740e-06 3.6567e-08
1.7760e-06 3.6736e-08
1.7780e-06 3.6917e-08
1.7800e-06 3.7099e-08
1.7821e-06 3.7281e-08
1.7841e-06 3.7380e-08
1.7861e-06 3.7505e-08
1.7880e-06 3.7682e-08
1.7900e-06 3.7867e-08
1.7922e-06 3.8030e-08
1.7943e-06 3.8065e-08
1.7962e-06 3.8144e-08
1.7981e-06 3.8272e-08
1.8002e-06 3.8404e-08
1.8022e-06 3.8519e-08
1.8042e-06 3.8585e-08
1.8062e-06 3.8691e-08
1.8111e-06 3.7807e-08
1.8124e-06 3.2891e-08
1.8124e-06 3.0956e-08
1.8124e-06 2.9021e-08
1.8124e-06 2.7086e-08
1.8124e-06 2.5152e-08
1.8124e-06 2.3217e-08
1.8124e-06 2.1282e-08
1.8124e-06 1.9347e-08
1.8124e-06 1.7413e-08
1.8124e-06 1.5478e-08
1.8124e-06 1.3543e-08
1.8124e-06 1.1608e-08
1.8124e-06 9.6737e-09
1.8124e-06 7.7390e-09
1.8124e-06 5.8042e-09
1.8124e-06 3.8695e-09
1.8124e-06 1.9347e-09
1.8112e-06 -2.8833e-09
1.8064e-06 -4.0078e-09
1.8044e-06 -4.0078e-09
1.8024e-06 -4.0078e-09
1.8004e-06 -4.0078e-09
1.7984e-06 -4.0078e-09
1.7964e-06 -4.0078e-09
1.7944e-06 -4.0078e-09
1.7924e-06 -4.0078e-09
1.7904e-06 -4.0078e-09
1.7884e-06 -4.0078e-09
1.7864e-06 -4.0078e-09
1.7844e-06 -4.0078e-09
1.7824e-06 -4.0078e-09
1.7804e-06 -4.0078e-09
1.7784e-06 -4.0078e-09
1.7763e-06 -4.0078e-09
1.7743e-06 -4.0078e-09
1.7723e-06 -4.0078e-09
1.7703e-06 -4.0078e-09
1.7683e-06 -4.0078e-09
1.7663e-06 -4.0078e-09
1.7643e-06 -4.0078e-09
1.7623e-06 -4.0078e-09
1.7603e-06 -4.0078e-09
1.7583e-06 -4.0078e-09
1.7563e-06 -4.0078e-09
1.7543e-06 -4.0078e-09
1.7523e-06 -4.0078e-09
1.7503e-06 -4.0078e-09
1.7483e-06 -4.0078e-09
1.7463e-06 -4.0078e-09
1.7443e-06 -4.0078e-09
1.7423e-06 -4.0078e-09
1.7403e-06 -4.0078e-09
1.7383e-06 -4.0078e-09
1.7363e-06 -4.0078e-09
1.7343e-06 -4.0078e-09
1.7323e-06 -4.0078e-09
1.7303e-06 -4.0078e-09
1.7283e-06 -4.0078e-09
1.7263e-06 -4.0078e-09
1.7242e-06 -4.0078e-09
1.7222e-06 -4.0078e-09
1.7202e-06 -4.0078e-09
1.7182e-06 -4.0078e-09
1.7162e-06 -4.0078e-09
1.7142e-06 -4.0078e-09
1.7122e-06 -4.0078e-09
1.7102e-06 -4.0078e-09
1.7082e-06 -4.0078e-09
1.7062e-06 -4.0078e-09
1.7042e-06 -4.0078e-09
1.7022e-06 -4.0078e-09
1.7002e-06 -4.0078e-09
1.6982e-06 -4.0078e-09
1.6962e-06 -4.0078e-09
1.6942e-06 -4.0078e-09
1.6922e-06 -4.0078e-09
1.6902e-06 -4.0078e-09
1.6882e-06 -4.0078e-09
1.6862e-06 -4.0078e-09
1.6842e-06 -4.0078e-09
1.6822e-06 -4.0078e-09
1.6802e-06 -4.0078e-09
1.6782e-06 -4.0078e-09
1.6762e-06 -4.0078e-09
1.6741e-06 -4.0078e-09
1.6721e-06 -4.0078e-09
1.6701e-06 -4.0078e-09
1.6681e-06 -4.0078e-09
1.6661e-06 -4.0078e-09
1.6641e-06 -4.0078e-09
1.6621e-06 -4.0078e-09
1.6601e-06 -4.0078e-09
1.6581e-06 -4.0078e-09
1.6561e-06 -4.0078e-09
1.6541e-06 -4.0078e-09
1.6521e-06 -4.0078e-09
1.6501e-06 -4.0078e-09
1.6481e-06 -4.0078e-09
1.6461e-06 -4.0078e-09
1.6441e-06 -4.0078e-09
1.6421e-06 -4.0078e-09
1.6401e-06 -4.0078e-09
1.6381e-06 -4.0078e-09
1.6361e-06 -4.0078e-09
1.6341e-06 -4.0078e-09
1.6321e-06 -4.0078e-09
1.6301e-06 -4.0078e-09
1.6281e-06 -4.0078e-09
1.6261e-06 -4.0078e-09
1.6241e-06 -4.0078e-09
1.6220e-06 -4.0078e-09
1.6200e-06 -4.0078e-09
1.6180e-06 -4.0078e-09
1.6160e-06 -4.0078e-09
1.6140e-06 -4.0078e-09
1.6120e-06 -4.0078e-09
1.6100e-06 -4.0078e-09
1.6052e-06 -2.8958e-09
1.6040e-06 1.9175e-09
1.6040e-06 3.8349e-09
1.6040e-06 5.7524e-09
1.6040e-06 7.6699e-09
1.6040e-06 9.5873e-09
1.6040e-06 1.1505e-08
1.6040e-06 1.3422e-08
1.6040e-06 1.5340e-08
1.6040e-06 1.7257e-08
1.6040e-06 1.9175e-08
1.6040e-06 2.1092e-08
1.6040e-06 2.3010e-08
1.6040e-06 2.4927e-08
1.6040e-06 2.6844e-08
1.6040e-06 2.8762e-08
1.6040e-06 3.0679e-08
1.6040e-06 3.2597e-08
1.6040e-06 3.4514e-08
1.6040e-06 3.6432e-08
1.6040e-06 3.8349e-08
