1.7097e-06 3.0757e-08
1.7141e-06 2.9919e-08
1.7181e-06 2.9127e-08
1.7221e-06 2.8341e-08
1.7261e-06 2.7953e-08
1.7300e-06 2.7688e-08
1.7340e-06 2.7494e-08
1.7379e-06 2.7928e-08
1.7419e-06 2.8242e-08
1.7458e-06 2.9008e-08
1.7498e-06 2.9859e-08
1.7539e-06 3.0676e-08
1.7579e-06 3.1392e-08
1.7619e-06 3.2054e-08
1.7660e-06 3.2605e-08
1.7700e-06 3.3131e-08
1.7740e-06 3.3579e-08
1.7780e-06 3.3930e-08
1.7821e-06 3.4295e-08
1.7861e-06 3.4516e-08
1.7901e-06 3.4880e-08
1.7941e-06 3.5084e-08
1.7981e-06 3.5287e-08
1.8021e-06 3.5537e-08
1.8067e-06 3.5589e-08
1.8072e-06 3.2393e-08
1.8072e-06 3.0079e-08
1.8072e-06 2.7766e-08
1.8072e-06 2.5452e-08
1.8072e-06 2.3138e-08
1.8072e-06 2.0824e-08
1.8072e-06 1.8510e-08
1.8072e-06 1.6197e-08
1.8072e-06 1.3883e-08
1.8072e-06 1.1569e-08
1.8072e-06 9.2552e-09
1.8072e-06 6.9414e-09
1.8072e-06 4.6276e-09
1.8072e-06 2.3138e-09
1.8067e-06 -8.6625e-10
1.8022e-06 -1.0000e-09
1.7982e-06 -1.0000e-09
1.7942e-06 -1.0000e-09
1.7902e-06 -1.0000e-09
1.7861e-06 -1.0000e-09
1.7821e-06 -1.0000e-09
1.7781e-06 -1.0000e-09
1.7741e-06 -1.0000e-09
1.7701e-06 -1.0000e-09
1.7661e-06 -1.0000e-09
1.7621e-06 -1.0000e-09
1.7581e-06 -1.0000e-09
1.7541e-06 -1.0000e-09
1.7500e-06 -1.0000e-09
1.7460e-06 -1.0000e-09
1.7420e-06 -1.0000e-09
1.7380e-06 -1.0000e-09
1.7340e-06 -1.0000e-09
1.7300e-06 -1.0000e-09
1.7260e-06 -1.0000e-09
1.7220e-06 -1.0000e-09
1.7179e-06 -1.0000e-09
1.7139e-06 -1.0000e-09
1.7095e-06 -8.9617e-10
1.7089e-06 1.9863e-09
1.7089e-06 3.9727e-09
1.7089e-06 5.9590e-09
1.7089e-06 7.9453e-09
1.7089e-06 9.9317e-09
1.7089e-06 1.1918e-08
1.7089e-06 1.3904e-08
1.7089e-06 1.5891e-08
1.7089e-06 1.7877e-08
1.7089e-06 1.9863e-08
1.7089e-06 2.1850e-08
1.7089e-06 2.3836e-08
1.7089e-06 2.5822e-08
1.7089e-06 2.7809e-08
