9.0700e-07 3.2763e-08
9.1143e-07 3.3441e-08
9.1545e-07 3.3964e-08
9.1947e-07 3.4432e-08
9.2349e-07 3.4886e-08
9.2750e-07 3.5333e-08
9.3151e-07 3.5756e-08
9.3552e-07 3.6231e-08
9.3953e-07 3.6695e-08
9.4355e-07 3.7155e-08
9.4756e-07 3.7600e-08
9.5159e-07 3.8028e-08
9.5562e-07 3.8365e-08
9.5964e-07 3.8657e-08
9.6367e-07 3.8878e-08
9.6769e-07 3.9027e-08
9.7173e-07 3.9185e-08
9.7577e-07 3.9117e-08
9.7979e-07 3.9080e-08
9.8383e-07 3.8925e-08
9.8786e-07 3.8658e-08
9.9188e-07 3.8368e-08
9.9590e-07 3.8009e-08
9.9992e-07 3.7672e-08
1.0044e-06 3.7057e-08
1.0048e-06 3.3826e-08
1.0048e-06 3.1410e-08
1.0048e-06 2.8994e-08
1.0048e-06 2.6578e-08
1.0048e-06 2.4161e-08
1.0048e-06 2.1745e-08
1.0048e-06 1.9329e-08
1.0048e-06 1.6913e-08
1.0048e-06 1.4497e-08
1.0048e-06 1.2081e-08
1.0048e-06 9.6646e-09
1.0048e-06 7.2484e-09
1.0048e-06 4.8323e-09
1.0048e-06 2.4161e-09
1.0044e-06 -8.5664e-10
9.9982e-07 -1.0000e-09
9.9581e-07 -1.0000e-09
9.9180e-07 -1.0000e-09
9.8779e-07 -1.0000e-09
9.8378e-07 -1.0000e-09
9.7976e-07 -1.0000e-09
9.7575e-07 -1.0000e-09
9.7174e-07 -1.0000e-09
9.6773e-07 -1.0000e-09
9.6372e-07 -1.0000e-09
9.5971e-07 -1.0000e-09
9.5569e-07 -1.0000e-09
9.5168e-07 -1.0000e-09
9.4767e-07 -1.0000e-09
9.4366e-07 -1.0000e-09
9.3965e-07 -1.0000e-09
9.3563e-07 -1.0000e-09
9.3162e-07 -1.0000e-09
9.2761e-07 -1.0000e-09
9.2360e-07 -1.0000e-09
9.1959e-07 -1.0000e-09
9.1557e-07 -1.0000e-09
9.1156e-07 -1.0000e-09
9.0708e-07 -8.8337e-10
9.0655e-07 2.1285e-09
9.0655e-07 4.2571e-09
9.0655e-07 6.3856e-09
9.0655e-07 8.5142e-09
9.0655e-07 1.0643e-08
9.0655e-07 1.2771e-08
9.0655e-07 1.4900e-08
9.0655e-07 1.7028e-08
9.0655e-07 1.9157e-08
9.0655e-07 2.1285e-08
9.0655e-07 2.3414e-08
9.0655e-07 2.5542e-08
9.0655e-07 2.7671e-08
9.0655e-07 2.9800e-08
