1.8097e-06 3.5819e-08
1.8142e-06 3.6197e-08
1.8182e-06 3.6425e-08
1.8222e-06 3.6635e-08
1.8262e-06 3.6755e-08
1.8302e-06 3.6857e-08
1.8343e-06 3.6990e-08
1.8383e-06 3.6999e-08
1.8423e-06 3.6977e-08
1.8463e-06 3.6911e-08
1.8504e-06 3.6846e-08
1.8544e-06 3.6747e-08
1.8584e-06 3.6587e-08
1.8624e-06 3.6409e-08
1.8664e-06 3.6168e-08
1.8705e-06 3.5901e-08
1.8745e-06 3.5631e-08
1.8785e-06 3.5438e-08
1.8825e-06 3.5160e-08
1.8865e-06 3.4887e-08
1.8905e-06 3.4598e-08
1.8946e-06 3.4235e-08
1.8986e-06 3.3915e-08
1.9026e-06 3.3515e-08
1.9070e-06 3.2909e-08
1.9075e-06 2.9931e-08
1.9075e-06 2.7793e-08
1.9075e-06 2.5655e-08
1.9075e-06 2.3517e-08
1.9075e-06 2.1379e-08
1.9075e-06 1.9241e-08
1.9075e-06 1.7103e-08
1.9075e-06 1.4965e-08
1.9075e-06 1.2827e-08
1.9075e-06 1.0690e-08
1.9075e-06 8.5516e-09
1.9075e-06 6.4137e-09
1.9075e-06 4.2758e-09
1.9075e-06 2.1379e-09
1.9070e-06 -8.8251e-10
1.9025e-06 -1.0000e-09
1.8985e-06 -1.0000e-09
1.8945e-06 -1.0000e-09
1.8905e-06 -1.0000e-09
1.8864e-06 -1.0000e-09
1.8824e-06 -1.0000e-09
1.8784e-06 -1.0000e-09
1.8744e-06 -1.0000e-09
1.8704e-06 -1.0000e-09
1.8664e-06 -1.0000e-09
1.8624e-06 -1.0000e-09
1.8584e-06 -1.0000e-09
1.8543e-06 -1.0000e-09
1.8503e-06 -1.0000e-09
1.8463e-06 -1.0000e-09
1.8423e-06 -1.0000e-09
1.8383e-06 -1.0000e-09
1.8343e-06 -1.0000e-09
1.8303e-06 -1.0000e-09
1.8263e-06 -1.0000e-09
1.8223e-06 -1.0000e-09
1.8182e-06 -1.0000e-09
1.8142e-06 -1.0000e-09
1.8097e-06 -8.6458e-10
1.8092e-06 2.3317e-09
1.8092e-06 4.6634e-09
1.8092e-06 6.9952e-09
1.8092e-06 9.3269e-09
1.8092e-06 1.1659e-08
1.8092e-06 1.3990e-08
1.8092e-06 1.6322e-08
1.8092e-06 1.8654e-08
1.8092e-06 2.0985e-08
1.8092e-06 2.3317e-08
1.8092e-06 2.5649e-08
1.8092e-06 2.7981e-08
1.8092e-06 3.0312e-08
1.8092e-06 3.2644e-08
