6.0332e-07 4.3076e-08
6.0813e-07 4.4127e-08
6.1012e-07 4.4094e-08
6.1210e-07 4.4075e-08
6.1409e-07 4.4063e-08
6.1607e-07 4.4065e-08
6.1808e-07 4.4067e-08
6.2017e-07 4.4068e-08
6.2222e-07 4.3986e-08
6.2413e-07 4.3937e-08
6.2606e-07 4.3955e-08
6.2809e-07 4.3974e-08
6.3027e-07 4.3969e-08
6.3239e-07 4.3798e-08
6.3428e-07 4.3691e-08
6.3622e-07 4.3644e-08
6.3826e-07 4.3593e-08
6.4045e-07 4.3491e-08
6.4254e-07 4.3253e-08
6.4446e-07 4.3078e-08
6.4643e-07 4.2935e-08
6.4849e-07 4.2784e-08
6.5067e-07 4.2558e-08
6.5273e-07 4.2234e-08
6.5467e-07 4.1974e-08
6.5665e-07 4.1728e-08
6.5871e-07 4.1473e-08
6.6082e-07 4.1151e-08
6.6290e-07 4.0776e-08
6.6492e-07 4.0394e-08
6.6693e-07 4.0012e-08
6.6896e-07 3.9625e-08
6.7101e-07 3.9206e-08
6.7304e-07 3.8770e-08
6.7506e-07 3.8322e-08
6.7707e-07 3.7876e-08
6.7909e-07 3.7425e-08
6.8114e-07 3.6945e-08
6.8322e-07 3.6438e-08
6.8530e-07 3.5855e-08
6.8730e-07 3.5291e-08
6.8930e-07 3.4727e-08
6.9132e-07 3.4160e-08
6.9340e-07 3.3559e-08
6.9546e-07 3.2894e-08
6.9747e-07 3.2247e-08
6.9929e-07 3.1654e-08
7.0114e-07 3.1250e-08
7.0324e-07 3.0750e-08
7.0530e-07 3.0188e-08
7.0726e-07 2.9655e-08
7.0889e-07 2.9238e-08
7.1060e-07 2.9132e-08
7.1272e-07 2.8926e-08
7.1478e-07 2.8660e-08
7.1668e-07 2.8414e-08
7.1827e-07 2.8282e-08
7.1999e-07 2.8432e-08
7.2205e-07 2.8565e-08
7.2407e-07 2.8675e-08
7.2603e-07 2.8781e-08
7.2789e-07 2.8930e-08
7.2982e-07 2.9168e-08
7.3184e-07 2.9405e-08
7.3385e-07 2.9636e-08
7.3583e-07 2.9863e-08
7.3779e-07 3.0111e-08
7.3977e-07 3.0387e-08
7.4177e-07 3.0666e-08
7.4378e-07 3.0945e-08
7.4576e-07 3.1221e-08
7.4773e-07 3.1518e-08
7.4975e-07 3.1836e-08
7.5179e-07 3.2124e-08
7.5379e-07 3.2405e-08
7.5581e-07 3.2688e-08
7.5783e-07 3.2959e-08
7.5985e-07 3.3225e-08
7.6187e-07 3.3475e-08
7.6388e-07 3.3724e-08
7.6589e-07 3.3974e-08
7.6793e-07 3.4211e-08
7.6998e-07 3.4437e-08
7.7203e-07 3.4621e-08
7.7403e-07 3.4802e-08
7.7606e-07 3.4985e-08
7.7812e-07 3.5138e-08
7.8019e-07 3.5269e-08
7.8224e-07 3.5354e-08
7.8425e-07 3.5436e-08
7.8633e-07 3.5511e-08
7.8840e-07 3.5526e-08
7.9044e-07 3.5525e-08
7.9246e-07 3.5506e-08
7.9448e-07 3.5488e-08
7.9655e-07 3.5451e-08
7.9863e-07 3.5366e-08
8.0069e-07 3.5251e-08
8.0271e-07 3.5116e-08
8.0475e-07 3.4980e-08
8.0935e-07 3.3589e-08
8.1046e-07 2.8891e-08
8.1046e-07 2.6965e-08
8.1046e-07 2.5039e-08
8.1046e-07 2.3113e-08
8.1046e-07 2.1187e-08
8.1046e-07 1.9260e-08
8.1046e-07 1.7334e-08
8.1046e-07 1.5408e-08
8.1046e-07 1.3482e-08
8.1046e-07 1.1556e-08
8.1046e-07 9.6302e-09
8.1046e-07 7.7042e-09
8.1046e-07 5.7781e-09
8.1046e-07 3.8521e-09
8.1046e-07 1.9260e-09
8.0923e-07 -2.8896e-09
8.0445e-07 -4.0078e-09
8.0244e-07 -4.0078e-09
8.0044e-07 -4.0078e-09
7.9844e-07 -4.0078e-09
7.9643e-07 -4.0078e-09
7.9443e-07 -4.0078e-09
7.9242e-07 -4.0078e-09
7.9042e-07 -4.0078e-09
7.8842e-07 -4.0078e-09
7.8641e-07 -4.0078e-09
7.8441e-07 -4.0078e-09
7.8240e-07 -4.0078e-09
7.8040e-07 -4.0078e-09
7.7840e-07 -4.0078e-09
7.7639e-07 -4.0078e-09
7.7439e-07 -4.0078e-09
7.7238e-07 -4.0078e-09
7.7038e-07 -4.0078e-09
7.6838e-07 -4.0078e-09
7.6637e-07 -4.0078e-09
7.6437e-07 -4.0078e-09
7.6236e-07 -4.0078e-09
7.6036e-07 -4.0078e-09
7.5836e-07 -4.0078e-09
7.5635e-07 -4.0078e-09
7.5435e-07 -4.0078e-09
7.5235e-07 -4.0078e-09
7.5034e-07 -4.0078e-09
7.4834e-07 -4.0078e-09
7.4633e-07 -4.0078e-09
7.4433e-07 -4.0078e-09
7.4233e-07 -4.0078e-09
7.4032e-07 -4.0078e-09
7.3832e-07 -4.0078e-09
7.3631e-07 -4.0078e-09
7.3431e-07 -4.0078e-09
7.3231e-07 -4.0078e-09
7.3030e-07 -4.0078e-09
7.2830e-07 -4.0078e-09
7.2629e-07 -4.0078e-09
7.2429e-07 -4.0078e-09
7.2229e-07 -4.0078e-09
7.2028e-07 -4.0078e-09
7.1828e-07 -4.0078e-09
7.1627e-07 -4.0078e-09
7.1427e-07 -4.0078e-09
7.1227e-07 -4.0078e-09
7.1026e-07 -4.0078e-09
7.0826e-07 -4.0078e-09
7.0626e-07 -4.0078e-09
7.0425e-07 -4.0078e-09
7.0225e-07 -4.0078e-09
7.0024e-07 -4.0078e-09
6.9824e-07 -4.0078e-09
6.9624e-07 -4.0078e-09
6.9423e-07 -4.0078e-09
6.9223e-07 -4.0078e-09
6.9022e-07 -4.0078e-09
6.8822e-07 -4.0078e-09
6.8622e-07 -4.0078e-09
6.8421e-07 -4.0078e-09
6.8221e-07 -4.0078e-09
6.8020e-07 -4.0078e-09
6.7820e-07 -4.0078e-09
6.7620e-07 -4.0078e-09
6.7419e-07 -4.0078e-09
6.7219e-07 -4.0078e-09
6.7018e-07 -4.0078e-09
6.6818e-07 -4.0078e-09
6.6618e-07 -4.0078e-09
6.6417e-07 -4.0078e-09
6.6217e-07 -4.0078e-09
6.6017e-07 -4.0078e-09
6.5816e-07 -4.0078e-09
6.5616e-07 -4.0078e-09
6.5415e-07 -4.0078e-09
6.5215e-07 -4.0078e-09
6.5015e-07 -4.0078e-09
6.4814e-07 -4.0078e-09
6.4614e-07 -4.0078e-09
6.4413e-07 -4.0078e-09
6.4213e-07 -4.0078e-09
6.4013e-07 -4.0078e-09
6.3812e-07 -4.0078e-09
6.3612e-07 -4.0078e-09
6.3411e-07 -4.0078e-09
6.3211e-07 -4.0078e-09
6.3011e-07 -4.0078e-09
6.2810e-07 -4.0078e-09
6.2610e-07 -4.0078e-09
6.2409e-07 -4.0078e-09
6.2209e-07 -4.0078e-09
6.2009e-07 -4.0078e-09
6.1808e-07 -4.0078e-09
6.1608e-07 -4.0078e-09
6.1407e-07 -4.0078e-09
6.1207e-07 -4.0078e-09
6.1007e-07 -4.0078e-09
6.0806e-07 -4.0078e-09
6.0329e-07 -2.8997e-09
6.0205e-07 1.9120e-09
6.0205e-07 3.8240e-09
6.0205e-07 5.7360e-09
6.0205e-07 7.6480e-09
6.0205e-07 9.5600e-09
6.0205e-07 1.1472e-08
6.0205e-07 1.3384e-08
6.0205e-07 1.5296e-08
6.0205e-07 1.7208e-08
6.0205e-07 1.9120e-08
6.0205e-07 2.1032e-08
6.0205e-07 2.2944e-08
6.0205e-07 2.4856e-08
6.0205e-07 2.6768e-08
6.0205e-07 2.8680e-08
6.0205e-07 3.0592e-08
6.0205e-07 3.2504e-08
6.0205e-07 3.4416e-08
6.0205e-07 3.6328e-08
6.0205e-07 3.8240e-08
