1.0042e-06 3.8873e-08
1.0093e-06 3.9604e-08
1.0113e-06 3.9372e-08
1.0133e-06 3.9159e-08
1.0152e-06 3.8966e-08
1.0172e-06 3.8801e-08
1.0192e-06 3.8632e-08
1.0213e-06 3.8442e-08
1.0233e-06 3.8189e-08
1.0253e-06 3.7962e-08
1.0273e-06 3.7749e-08
1.0293e-06 3.7532e-08
1.0314e-06 3.7281e-08
1.0334e-06 3.6980e-08
1.0353e-06 3.6754e-08
1.0373e-06 3.6558e-08
1.0394e-06 3.6352e-08
1.0415e-06 3.6085e-08
1.0435e-06 3.5759e-08
1.0456e-06 3.5427e-08
1.0476e-06 3.5093e-08
1.0496e-06 3.4755e-08
1.0517e-06 3.4388e-08
1.0537e-06 3.4006e-08
1.0557e-06 3.3643e-08
1.0577e-06 3.3280e-08
1.0596e-06 3.2923e-08
1.0616e-06 3.2612e-08
1.0636e-06 3.2305e-08
1.0657e-06 3.1928e-08
1.0677e-06 3.1563e-08
1.0694e-06 3.1242e-08
1.0710e-06 3.1219e-08
1.0732e-06 3.1207e-08
1.0753e-06 3.1018e-08
1.0773e-06 3.0840e-08
1.0787e-06 3.0670e-08
1.0802e-06 3.1016e-08
1.0823e-06 3.1452e-08
1.0845e-06 3.1744e-08
1.0864e-06 3.2014e-08
1.0882e-06 3.2252e-08
1.0899e-06 3.2758e-08
1.0920e-06 3.3315e-08
1.0940e-06 3.3836e-08
1.0960e-06 3.4352e-08
1.0981e-06 3.4867e-08
1.1001e-06 3.5365e-08
1.1021e-06 3.5853e-08
1.1041e-06 3.6331e-08
1.1061e-06 3.6816e-08
1.1083e-06 3.7278e-08
1.1104e-06 3.7654e-08
1.1124e-06 3.8005e-08
1.1144e-06 3.8348e-08
1.1164e-06 3.8692e-08
1.1185e-06 3.9021e-08
1.1204e-06 3.9315e-08
1.1224e-06 3.9642e-08
1.1244e-06 3.9987e-08
1.1264e-06 4.0342e-08
1.1285e-06 4.0651e-08
1.1306e-06 4.0915e-08
1.1325e-06 4.1190e-08
1.1345e-06 4.1468e-08
1.1366e-06 4.1752e-08
1.1387e-06 4.1992e-08
1.1407e-06 4.2208e-08
1.1427e-06 4.2404e-08
1.1447e-06 4.2598e-08
1.1467e-06 4.2794e-08
1.1488e-06 4.2977e-08
1.1507e-06 4.3159e-08
1.1527e-06 4.3371e-08
1.1547e-06 4.3586e-08
1.1567e-06 4.3797e-08
1.1587e-06 4.4043e-08
1.1608e-06 4.4269e-08
1.1629e-06 4.4406e-08
1.1649e-06 4.4536e-08
1.1668e-06 4.4667e-08
1.1688e-06 4.4845e-08
1.1709e-06 4.5009e-08
1.1729e-06 4.5140e-08
1.1749e-06 4.5269e-08
1.1769e-06 4.5396e-08
1.1790e-06 4.5514e-08
1.1810e-06 4.5605e-08
1.1831e-06 4.5672e-08
1.1851e-06 4.5739e-08
1.1871e-06 4.5789e-08
1.1892e-06 4.5806e-08
1.1912e-06 4.5810e-08
1.1932e-06 4.5808e-08
1.1953e-06 4.5806e-08
1.1973e-06 4.5765e-08
1.1994e-06 4.5680e-08
1.2014e-06 4.5609e-08
1.2034e-06 4.5542e-08
1.2054e-06 4.5472e-08
1.2075e-06 4.5340e-08
1.2095e-06 4.5173e-08
1.2114e-06 4.5085e-08
1.2134e-06 4.5001e-08
1.2155e-06 4.4909e-08
1.2177e-06 4.4691e-08
1.2196e-06 4.4456e-08
1.2215e-06 4.4349e-08
1.2235e-06 4.4232e-08
1.2256e-06 4.4108e-08
1.2277e-06 4.3869e-08
1.2296e-06 4.3652e-08
1.2315e-06 4.3546e-08
1.2335e-06 4.3431e-08
1.2356e-06 4.3312e-08
1.2376e-06 4.3128e-08
1.2396e-06 4.2968e-08
1.2415e-06 4.2853e-08
1.2435e-06 4.2735e-08
1.2456e-06 4.2613e-08
1.2476e-06 4.2462e-08
1.2497e-06 4.2290e-08
1.2517e-06 4.2091e-08
1.2537e-06 4.1895e-08
1.2557e-06 4.1703e-08
1.2578e-06 4.1514e-08
1.2599e-06 4.1228e-08
1.2620e-06 4.0883e-08
1.2640e-06 4.0551e-08
1.2659e-06 4.0246e-08
1.2680e-06 3.9962e-08
1.2701e-06 3.9583e-08
1.2721e-06 3.9182e-08
1.2741e-06 3.8790e-08
1.2761e-06 3.8417e-08
1.2782e-06 3.8038e-08
1.2803e-06 3.7540e-08
1.2823e-06 3.7037e-08
1.2844e-06 3.6537e-08
1.2864e-06 3.6022e-08
1.2884e-06 3.5494e-08
1.2905e-06 3.4937e-08
1.2925e-06 3.4385e-08
1.2945e-06 3.3832e-08
1.2965e-06 3.3271e-08
1.2985e-06 3.2705e-08
1.3005e-06 3.2125e-08
1.3025e-06 3.1548e-08
1.3045e-06 3.0975e-08
1.3065e-06 3.0423e-08
1.3084e-06 2.9925e-08
1.3102e-06 2.9539e-08
1.3122e-06 2.9128e-08
1.3141e-06 2.8741e-08
1.3159e-06 2.8488e-08
1.3178e-06 2.8287e-08
1.3196e-06 2.8204e-08
1.3216e-06 2.8114e-08
1.3235e-06 2.8048e-08
1.3252e-06 2.8115e-08
1.3269e-06 2.8285e-08
1.3288e-06 2.8607e-08
1.3308e-06 2.8948e-08
1.3327e-06 2.9295e-08
1.3346e-06 2.9686e-08
1.3365e-06 3.0132e-08
1.3385e-06 3.0633e-08
1.3405e-06 3.1146e-08
1.3425e-06 3.1654e-08
1.3446e-06 3.2144e-08
1.3466e-06 3.2628e-08
1.3486e-06 3.3112e-08
1.3506e-06 3.3607e-08
1.3527e-06 3.4058e-08
1.3548e-06 3.4445e-08
1.3568e-06 3.4825e-08
1.3588e-06 3.5205e-08
1.3608e-06 3.5591e-08
1.3629e-06 3.5949e-08
1.3650e-06 3.6297e-08
1.3671e-06 3.6545e-08
1.3691e-06 3.6775e-08
1.3711e-06 3.7008e-08
1.3732e-06 3.7207e-08
1.3753e-06 3.7391e-08
1.3773e-06 3.7527e-08
1.3793e-06 3.7659e-08
1.3814e-06 3.7796e-08
1.3835e-06 3.7843e-08
1.3855e-06 3.7885e-08
1.3874e-06 3.7965e-08
1.3894e-06 3.8047e-08
1.3915e-06 3.8131e-08
1.3936e-06 3.8130e-08
1.3956e-06 3.8139e-08
1.3975e-06 3.8171e-08
1.3996e-06 3.8204e-08
1.4017e-06 3.8226e-08
1.4037e-06 3.8157e-08
1.4057e-06 3.8112e-08
1.4077e-06 3.8093e-08
1.4097e-06 3.8075e-08
1.4117e-06 3.8042e-08
1.4138e-06 3.7974e-08
1.4157e-06 3.7918e-08
1.4177e-06 3.7869e-08
1.4197e-06 3.7820e-08
1.4217e-06 3.7785e-08
1.4237e-06 3.7770e-08
1.4258e-06 3.7693e-08
1.4279e-06 3.7591e-08
1.4298e-06 3.7492e-08
1.4318e-06 3.7419e-08
1.4338e-06 3.7368e-08
1.4359e-06 3.7261e-08
1.4379e-06 3.7144e-08
1.4399e-06 3.7029e-08
1.4419e-06 3.6914e-08
1.4440e-06 3.6793e-08
1.4461e-06 3.6572e-08
1.4481e-06 3.6357e-08
1.4501e-06 3.6144e-08
1.4521e-06 3.5944e-08
1.4542e-06 3.5736e-08
1.4562e-06 3.5462e-08
1.4583e-06 3.5196e-08
1.4603e-06 3.4930e-08
1.4623e-06 3.4663e-08
1.4643e-06 3.4385e-08
1.4663e-06 3.4082e-08
1.4683e-06 3.3782e-08
1.4704e-06 3.3481e-08
1.4724e-06 3.3167e-08
1.4744e-06 3.2863e-08
1.4763e-06 3.2570e-08
1.4783e-06 3.2276e-08
1.4803e-06 3.1991e-08
1.4823e-06 3.1732e-08
1.4843e-06 3.1461e-08
1.4863e-06 3.1181e-08
1.4883e-06 3.0910e-08
1.4901e-06 3.0700e-08
1.4920e-06 3.0630e-08
1.4940e-06 3.0541e-08
1.4960e-06 3.0446e-08
1.4978e-06 3.0355e-08
1.4994e-06 3.0410e-08
1.5012e-06 3.0709e-08
1.5033e-06 3.1004e-08
1.5053e-06 3.1280e-08
1.5104e-06 3.0642e-08
1.5118e-06 2.5613e-08
1.5118e-06 2.3642e-08
1.5118e-06 2.1672e-08
1.5118e-06 1.9702e-08
1.5118e-06 1.7732e-08
1.5118e-06 1.5762e-08
1.5118e-06 1.3791e-08
1.5118e-06 1.1821e-08
1.5118e-06 9.8510e-09
1.5118e-06 7.8808e-09
1.5118e-06 5.9106e-09
1.5118e-06 3.9404e-09
1.5118e-06 1.9702e-09
1.5106e-06 -2.8579e-09
1.5058e-06 -4.0078e-09
1.5038e-06 -4.0078e-09
1.5018e-06 -4.0078e-09
1.4998e-06 -4.0078e-09
1.4978e-06 -4.0078e-09
1.4958e-06 -4.0078e-09
1.4938e-06 -4.0078e-09
1.4918e-06 -4.0078e-09
1.4898e-06 -4.0078e-09
1.4878e-06 -4.0078e-09
1.4858e-06 -4.0078e-09
1.4838e-06 -4.0078e-09
1.4818e-06 -4.0078e-09
1.4798e-06 -4.0078e-09
1.4778e-06 -4.0078e-09
1.4758e-06 -4.0078e-09
1.4738e-06 -4.0078e-09
1.4718e-06 -4.0078e-09
1.4697e-06 -4.0078e-09
1.4677e-06 -4.0078e-09
1.4657e-06 -4.0078e-09
1.4637e-06 -4.0078e-09
1.4617e-06 -4.0078e-09
1.4597e-06 -4.0078e-09
1.4577e-06 -4.0078e-09
1.4557e-06 -4.0078e-09
1.4537e-06 -4.0078e-09
1.4517e-06 -4.0078e-09
1.4497e-06 -4.0078e-09
1.4477e-06 -4.0078e-09
1.4457e-06 -4.0078e-09
1.4437e-06 -4.0078e-09
1.4417e-06 -4.0078e-09
1.4397e-06 -4.0078e-09
1.4377e-06 -4.0078e-09
1.4357e-06 -4.0078e-09
1.4337e-06 -4.0078e-09
1.4317e-06 -4.0078e-09
1.4297e-06 -4.0078e-09
1.4277e-06 -4.0078e-09
1.4257e-06 -4.0078e-09
1.4237e-06 -4.0078e-09
1.4217e-06 -4.0078e-09
1.4197e-06 -4.0078e-09
1.4176e-06 -4.0078e-09
1.4156e-06 -4.0078e-09
1.4136e-06 -4.0078e-09
1.4116e-06 -4.0078e-09
1.4096e-06 -4.0078e-09
1.4076e-06 -4.0078e-09
1.4056e-06 -4.0078e-09
1.4036e-06 -4.0078e-09
1.4016e-06 -4.0078e-09
1.3996e-06 -4.0078e-09
1.3976e-06 -4.0078e-09
1.3956e-06 -4.0078e-09
1.3936e-06 -4.0078e-09
1.3916e-06 -4.0078e-09
1.3896e-06 -4.0078e-09
1.3876e-06 -4.0078e-09
1.3856e-06 -4.0078e-09
1.3836e-06 -4.0078e-09
1.3816e-06 -4.0078e-09
1.3796e-06 -4.0078e-09
1.3776e-06 -4.0078e-09
1.3756e-06 -4.0078e-09
1.3736e-06 -4.0078e-09
1.3716e-06 -4.0078e-09
1.3696e-06 -4.0078e-09
1.3675e-06 -4.0078e-09
1.3655e-06 -4.0078e-09
1.3635e-06 -4.0078e-09
1.3615e-06 -4.0078e-09
1.3595e-06 -4.0078e-09
1.3575e-06 -4.0078e-09
1.3555e-06 -4.0078e-09
1.3535e-06 -4.0078e-09
1.3515e-06 -4.0078e-09
1.3495e-06 -4.0078e-09
1.3475e-06 -4.0078e-09
1.3455e-06 -4.0078e-09
1.3435e-06 -4.0078e-09
1.3415e-06 -4.0078e-09
1.3395e-06 -4.0078e-09
1.3375e-06 -4.0078e-09
1.3355e-06 -4.0078e-09
1.3335e-06 -4.0078e-09
1.3315e-06 -4.0078e-09
1.3295e-06 -4.0078e-09
1.3275e-06 -4.0078e-09
1.3255e-06 -4.0078e-09
1.3235e-06 -4.0078e-09
1.3215e-06 -4.0078e-09
1.3195e-06 -4.0078e-09
1.3175e-06 -4.0078e-09
1.3154e-06 -4.0078e-09
1.3134e-06 -4.0078e-09
1.3114e-06 -4.0078e-09
1.3094e-06 -4.0078e-09
1.3074e-06 -4.0078e-09
1.3054e-06 -4.0078e-09
1.3034e-06 -4.0078e-09
1.3014e-06 -4.0078e-09
1.2994e-06 -4.0078e-09
1.2974e-06 -4.0078e-09
1.2954e-06 -4.0078e-09
1.2934e-06 -4.0078e-09
1.2914e-06 -4.0078e-09
1.2894e-06 -4.0078e-09
1.2874e-06 -4.0078e-09
1.2854e-06 -4.0078e-09
1.2834e-06 -4.0078e-09
1.2814e-06 -4.0078e-09
1.2794e-06 -4.0078e-09
1.2774e-06 -4.0078e-09
1.2754e-06 -4.0078e-09
1.2734e-06 -4.0078e-09
1.2714e-06 -4.0078e-09
1.2694e-06 -4.0078e-09
1.2674e-06 -4.0078e-09
1.2653e-06 -4.0078e-09
1.2633e-06 -4.0078e-09
1.2613e-06 -4.0078e-09
1.2593e-06 -4.0078e-09
1.2573e-06 -4.0078e-09
1.2553e-06 -4.0078e-09
1.2533e-06 -4.0078e-09
1.2513e-06 -4.0078e-09
1.2493e-06 -4.0078e-09
1.2473e-06 -4.0078e-09
1.2453e-06 -4.0078e-09
1.2433e-06 -4.0078e-09
1.2413e-06 -4.0078e-09
1.2393e-06 -4.0078e-09
1.2373e-06 -4.0078e-09
1.2353e-06 -4.0078e-09
1.2333e-06 -4.0078e-09
1.2313e-06 -4.0078e-09
1.2293e-06 -4.0078e-09
1.2273e-06 -4.0078e-09
1.2253e-06 -4.0078e-09
1.2233e-06 -4.0078e-09
1.2213e-06 -4.0078e-09
1.2193e-06 -4.0078e-09
1.2173e-06 -4.0078e-09
1.2153e-06 -4.0078e-09
1.2132e-06 -4.0078e-09
1.2112e-06 -4.0078e-09
1.2092e-06 -4.0078e-09
1.2072e-06 -4.0078e-09
1.2052e-06 -4.0078e-09
1.2032e-06 -4.0078e-09
1.2012e-06 -4.0078e-09
1.1992e-06 -4.0078e-09
1.1972e-06 -4.0078e-09
1.1952e-06 -4.0078e-09
1.1932e-06 -4.0078e-09
1.1912e-06 -4.0078e-09
1.1892e-06 -4.0078e-09
1.1872e-06 -4.0078e-09
1.1852e-06 -4.0078e-09
1.1832e-06 -4.0078e-09
1.1812e-06 -4.0078e-09
1.1792e-06 -4.0078e-09
1.1772e-06 -4.0078e-09
1.1752e-06 -4.0078e-09
1.1732e-06 -4.0078e-09
1.1712e-06 -4.0078e-09
1.1692e-06 -4.0078e-09
1.1672e-06 -4.0078e-09
1.1652e-06 -4.0078e-09
1.1631e-06 -4.0078e-09
1.1611e-06 -4.0078e-09
1.1591e-06 -4.0078e-09
1.1571e-06 -4.0078e-09
1.1551e-06 -4.0078e-09
1.1531e-06 -4.0078e-09
1.1511e-06 -4.0078e-09
1.1491e-06 -4.0078e-09
1.1471e-06 -4.0078e-09
1.1451e-06 -4.0078e-09
1.1431e-06 -4.0078e-09
1.1411e-06 -4.0078e-09
1.1391e-06 -4.0078e-09
1.1371e-06 -4.0078e-09
1.1351e-06 -4.0078e-09
1.1331e-06 -4.0078e-09
1.1311e-06 -4.0078e-09
1.1291e-06 -4.0078e-09
1.1271e-06 -4.0078e-09
1.1251e-06 -4.0078e-09
1.1231e-06 -4.0078e-09
1.1211e-06 -4.0078e-09
1.1191e-06 -4.0078e-09
1.1171e-06 -4.0078e-09
1.1151e-06 -4.0078e-09
1.1131e-06 -4.0078e-09
1.1110e-06 -4.0078e-09
1.1090e-06 -4.0078e-09
1.1070e-06 -4.0078e-09
1.1050e-06 -4.0078e-09
1.1030e-06 -4.0078e-09
1.1010e-06 -4.0078e-09
1.0990e-06 -4.0078e-09
1.0970e-06 -4.0078e-09
1.0950e-06 -4.0078e-09
1.0930e-06 -4.0078e-09
1.0910e-06 -4.0078e-09
1.0890e-06 -4.0078e-09
1.0870e-06 -4.0078e-09
1.0850e-06 -4.0078e-09
1.0830e-06 -4.0078e-09
1.0810e-06 -4.0078e-09
1.0790e-06 -4.0078e-09
1.0770e-06 -4.0078e-09
1.0750e-06 -4.0078e-09
1.0730e-06 -4.0078e-09
1.0710e-06 -4.0078e-09
1.0690e-06 -4.0078e-09
1.0670e-06 -4.0078e-09
1.0650e-06 -4.0078e-09
1.0630e-06 -4.0078e-09
1.0609e-06 -4.0078e-09
1.0589e-06 -4.0078e-09
1.0569e-06 -4.0078e-09
1.0549e-06 -4.0078e-09
1.0529e-06 -4.0078e-09
1.0509e-06 -4.0078e-09
1.0489e-06 -4.0078e-09
1.0469e-06 -4.0078e-09
1.0449e-06 -4.0078e-09
1.0429e-06 -4.0078e-09
1.0409e-06 -4.0078e-09
1.0389e-06 -4.0078e-09
1.0369e-06 -4.0078e-09
1.0349e-06 -4.0078e-09
1.0329e-06 -4.0078e-09
1.0309e-06 -4.0078e-09
1.0289e-06 -4.0078e-09
1.0269e-06 -4.0078e-09
1.0249e-06 -4.0078e-09
1.0229e-06 -4.0078e-09
1.0209e-06 -4.0078e-09
1.0189e-06 -4.0078e-09
1.0169e-06 -4.0078e-09
1.0149e-06 -4.0078e-09
1.0129e-06 -4.0078e-09
1.0109e-06 -4.0078e-09
1.0088e-06 -4.0078e-09
1.0040e-06 -2.8423e-09
1.0028e-06 1.9922e-09
1.0028e-06 3.9843e-09
1.0028e-06 5.9765e-09
1.0028e-06 7.9686e-09
1.0028e-06 9.9608e-09
1.0028e-06 1.1953e-08
1.0028e-06 1.3945e-08
1.0028e-06 1.5937e-08
1.0028e-06 1.7929e-08
1.0028e-06 1.9922e-08
1.0028e-06 2.1914e-08
1.0028e-06 2.3906e-08
1.0028e-06 2.5898e-08
1.0028e-06 2.7890e-08
1.0028e-06 2.9882e-08
1.0028e-06 3.1874e-08
1.0028e-06 3.3867e-08
