5.0277e-07 2.7985e-08
5.0698e-07 2.9809e-08
5.0901e-07 3.0257e-08
5.1095e-07 3.0687e-08
5.1286e-07 3.1168e-08
5.1490e-07 3.1721e-08
5.1698e-07 3.2211e-08
5.1899e-07 3.2676e-08
5.2095e-07 3.3130e-08
5.2289e-07 3.3626e-08
5.2484e-07 3.4146e-08
5.2682e-07 3.4703e-08
5.2882e-07 3.5267e-08
5.3093e-07 3.5858e-08
5.3304e-07 3.6335e-08
5.3497e-07 3.6766e-08
5.3690e-07 3.7279e-08
5.3890e-07 3.7810e-08
5.4107e-07 3.8382e-08
5.4321e-07 3.8762e-08
5.4509e-07 3.9124e-08
5.4701e-07 3.9584e-08
5.4904e-07 4.0069e-08
5.5128e-07 4.0573e-08
5.5344e-07 4.0829e-08
5.5532e-07 4.1099e-08
5.5725e-07 4.1452e-08
5.5928e-07 4.1822e-08
5.6141e-07 4.2178e-08
5.6354e-07 4.2426e-08
5.6560e-07 4.2635e-08
5.6762e-07 4.2820e-08
5.6962e-07 4.3002e-08
5.7163e-07 4.3185e-08
5.7368e-07 4.3371e-08
5.7575e-07 4.3513e-08
5.7777e-07 4.3629e-08
5.7976e-07 4.3743e-08
5.8173e-07 4.3873e-08
5.8383e-07 4.4028e-08
5.8596e-07 4.4072e-08
5.8800e-07 4.4087e-08
5.8996e-07 4.4101e-08
5.9189e-07 4.4156e-08
5.9398e-07 4.4242e-08
5.9610e-07 4.4215e-08
5.9811e-07 4.4180e-08
6.0007e-07 4.4146e-08
6.0200e-07 4.4162e-08
6.0406e-07 4.4193e-08
6.0612e-07 4.4159e-08
6.0813e-07 4.4127e-08
6.1012e-07 4.4094e-08
6.1210e-07 4.4075e-08
6.1409e-07 4.4063e-08
6.1607e-07 4.4065e-08
6.1808e-07 4.4067e-08
6.2017e-07 4.4068e-08
6.2222e-07 4.3986e-08
6.2413e-07 4.3937e-08
6.2606e-07 4.3955e-08
6.2809e-07 4.3974e-08
6.3027e-07 4.3969e-08
6.3239e-07 4.3798e-08
6.3428e-07 4.3691e-08
6.3622e-07 4.3644e-08
6.3826e-07 4.3593e-08
6.4045e-07 4.3491e-08
6.4254e-07 4.3253e-08
6.4446e-07 4.3078e-08
6.4643e-07 4.2935e-08
6.4849e-07 4.2784e-08
6.5067e-07 4.2558e-08
6.5273e-07 4.2234e-08
6.5467e-07 4.1974e-08
6.5665e-07 4.1728e-08
6.5871e-07 4.1473e-08
6.6082e-07 4.1151e-08
6.6290e-07 4.0776e-08
6.6492e-07 4.0394e-08
6.6693e-07 4.0012e-08
6.6896e-07 3.9625e-08
6.7101e-07 3.9206e-08
6.7304e-07 3.8770e-08
6.7506e-07 3.8322e-08
6.7707e-07 3.7876e-08
6.7909e-07 3.7425e-08
6.8114e-07 3.6945e-08
6.8322e-07 3.6438e-08
6.8530e-07 3.5855e-08
6.8730e-07 3.5291e-08
6.8930e-07 3.4727e-08
6.9132e-07 3.4160e-08
6.9340e-07 3.3559e-08
6.9546e-07 3.2894e-08
6.9747e-07 3.2247e-08
6.9929e-07 3.1654e-08
7.0114e-07 3.1250e-08
7.0324e-07 3.0750e-08
7.0530e-07 3.0188e-08
7.0726e-07 2.9655e-08
7.0889e-07 2.9238e-08
7.1060e-07 2.9132e-08
7.1272e-07 2.8926e-08
7.1478e-07 2.8660e-08
7.1668e-07 2.8414e-08
7.1827e-07 2.8282e-08
7.1999e-07 2.8432e-08
7.2205e-07 2.8565e-08
7.2407e-07 2.8675e-08
7.2603e-07 2.8781e-08
7.2789e-07 2.8930e-08
7.2982e-07 2.9168e-08
7.3184e-07 2.9405e-08
7.3385e-07 2.9636e-08
7.3583e-07 2.9863e-08
7.3779e-07 3.0111e-08
7.3977e-07 3.0387e-08
7.4177e-07 3.0666e-08
7.4378e-07 3.0945e-08
7.4576e-07 3.1221e-08
7.4773e-07 3.1518e-08
7.4975e-07 3.1836e-08
7.5179e-07 3.2124e-08
7.5379e-07 3.2405e-08
7.5581e-07 3.2688e-08
7.5783e-07 3.2959e-08
7.5985e-07 3.3225e-08
7.6187e-07 3.3475e-08
7.6388e-07 3.3724e-08
7.6589e-07 3.3974e-08
7.6793e-07 3.4211e-08
7.6998e-07 3.4437e-08
7.7203e-07 3.4621e-08
7.7403e-07 3.4802e-08
7.7606e-07 3.4985e-08
7.7812e-07 3.5138e-08
7.8019e-07 3.5269e-08
7.8224e-07 3.5354e-08
7.8425e-07 3.5436e-08
7.8633e-07 3.5511e-08
7.8840e-07 3.5526e-08
7.9044e-07 3.5525e-08
7.9246e-07 3.5506e-08
7.9448e-07 3.5488e-08
7.9655e-07 3.5451e-08
7.9863e-07 3.5366e-08
8.0069e-07 3.5251e-08
8.0271e-07 3.5116e-08
8.0475e-07 3.4980e-08
8.0683e-07 3.4806e-08
8.0886e-07 3.4586e-08
8.1084e-07 3.4396e-08
8.1283e-07 3.4212e-08
8.1487e-07 3.4024e-08
8.1694e-07 3.3798e-08
8.1896e-07 3.3546e-08
8.2095e-07 3.3312e-08
8.2295e-07 3.3078e-08
8.2501e-07 3.2836e-08
8.2712e-07 3.2523e-08
8.2908e-07 3.2195e-08
8.3100e-07 3.1954e-08
8.3300e-07 3.1704e-08
8.3503e-07 3.1450e-08
8.3705e-07 3.1173e-08
8.3900e-07 3.0906e-08
8.4094e-07 3.0700e-08
8.4295e-07 3.0487e-08
8.4502e-07 3.0265e-08
8.4709e-07 2.9968e-08
8.4899e-07 2.9709e-08
8.5090e-07 2.9536e-08
8.5291e-07 2.9353e-08
8.5498e-07 2.9162e-08
8.5697e-07 2.8914e-08
8.5877e-07 2.8754e-08
8.6065e-07 2.8714e-08
8.6265e-07 2.8669e-08
8.6462e-07 2.8630e-08
8.6646e-07 2.8619e-08
8.6820e-07 2.8721e-08
8.7007e-07 2.8962e-08
8.7205e-07 2.9216e-08
8.7399e-07 2.9483e-08
8.7586e-07 2.9784e-08
8.7772e-07 3.0172e-08
8.7967e-07 3.0635e-08
8.8167e-07 3.1110e-08
8.8367e-07 3.1587e-08
8.8568e-07 3.2065e-08
8.8768e-07 3.2542e-08
8.8969e-07 3.3019e-08
8.9176e-07 3.3510e-08
8.9389e-07 3.3941e-08
8.9597e-07 3.4296e-08
8.9799e-07 3.4627e-08
8.9999e-07 3.4953e-08
9.0207e-07 3.5291e-08
9.0419e-07 3.5555e-08
9.0618e-07 3.5763e-08
9.0814e-07 3.6016e-08
9.1014e-07 3.6277e-08
9.1214e-07 3.6537e-08
9.1415e-07 3.6798e-08
9.1619e-07 3.7059e-08
9.1822e-07 3.7289e-08
9.2023e-07 3.7515e-08
9.2223e-07 3.7740e-08
9.2423e-07 3.7969e-08
9.2625e-07 3.8197e-08
9.2827e-07 3.8409e-08
9.3027e-07 3.8621e-08
9.3224e-07 3.8829e-08
9.3422e-07 3.9073e-08
9.3624e-07 3.9315e-08
9.3825e-07 3.9546e-08
9.4026e-07 3.9776e-08
9.4226e-07 4.0006e-08
9.4427e-07 4.0237e-08
9.4629e-07 4.0460e-08
9.4831e-07 4.0674e-08
9.5032e-07 4.0889e-08
9.5238e-07 4.1092e-08
9.5443e-07 4.1258e-08
9.5645e-07 4.1411e-08
9.5846e-07 4.1558e-08
9.6050e-07 4.1706e-08
9.6258e-07 4.1822e-08
9.6462e-07 4.1889e-08
9.6661e-07 4.1965e-08
9.6861e-07 4.2045e-08
9.7068e-07 4.2127e-08
9.7280e-07 4.2144e-08
9.7484e-07 4.2107e-08
9.7682e-07 4.2086e-08
9.7883e-07 4.2068e-08
9.8090e-07 4.2048e-08
9.8300e-07 4.1958e-08
9.8506e-07 4.1836e-08
9.8708e-07 4.1697e-08
9.8908e-07 4.1560e-08
9.9112e-07 4.1419e-08
9.9317e-07 4.1241e-08
9.9517e-07 4.1059e-08
9.9716e-07 4.0893e-08
9.9916e-07 4.0725e-08
1.0012e-06 4.0551e-08
1.0033e-06 4.0312e-08
1.0053e-06 4.0074e-08
1.0098e-06 3.8539e-08
1.0109e-06 3.3867e-08
1.0109e-06 3.1874e-08
1.0109e-06 2.9882e-08
1.0109e-06 2.7890e-08
1.0109e-06 2.5898e-08
1.0109e-06 2.3906e-08
1.0109e-06 2.1914e-08
1.0109e-06 1.9922e-08
1.0109e-06 1.7929e-08
1.0109e-06 1.5937e-08
1.0109e-06 1.3945e-08
1.0109e-06 1.1953e-08
1.0109e-06 9.9608e-09
1.0109e-06 7.9686e-09
1.0109e-06 5.9765e-09
1.0109e-06 3.9843e-09
1.0109e-06 1.9922e-09
1.0097e-06 -2.8423e-09
1.0048e-06 -4.0078e-09
1.0028e-06 -4.0078e-09
1.0008e-06 -4.0078e-09
9.9883e-07 -4.0078e-09
9.9682e-07 -4.0078e-09
9.9482e-07 -4.0078e-09
9.9282e-07 -4.0078e-09
9.9081e-07 -4.0078e-09
9.8881e-07 -4.0078e-09
9.8680e-07 -4.0078e-09
9.8480e-07 -4.0078e-09
9.8280e-07 -4.0078e-09
9.8079e-07 -4.0078e-09
9.7879e-07 -4.0078e-09
9.7678e-07 -4.0078e-09
9.7478e-07 -4.0078e-09
9.7278e-07 -4.0078e-09
9.7077e-07 -4.0078e-09
9.6877e-07 -4.0078e-09
9.6676e-07 -4.0078e-09
9.6476e-07 -4.0078e-09
9.6276e-07 -4.0078e-09
9.6075e-07 -4.0078e-09
9.5875e-07 -4.0078e-09
9.5675e-07 -4.0078e-09
9.5474e-07 -4.0078e-09
9.5274e-07 -4.0078e-09
9.5073e-07 -4.0078e-09
9.4873e-07 -4.0078e-09
9.4673e-07 -4.0078e-09
9.4472e-07 -4.0078e-09
9.4272e-07 -4.0078e-09
9.4071e-07 -4.0078e-09
9.3871e-07 -4.0078e-09
9.3671e-07 -4.0078e-09
9.3470e-07 -4.0078e-09
9.3270e-07 -4.0078e-09
9.3069e-07 -4.0078e-09
9.2869e-07 -4.0078e-09
9.2669e-07 -4.0078e-09
9.2468e-07 -4.0078e-09
9.2268e-07 -4.0078e-09
9.2067e-07 -4.0078e-09
9.1867e-07 -4.0078e-09
9.1667e-07 -4.0078e-09
9.1466e-07 -4.0078e-09
9.1266e-07 -4.0078e-09
9.1066e-07 -4.0078e-09
9.0865e-07 -4.0078e-09
9.0665e-07 -4.0078e-09
9.0464e-07 -4.0078e-09
9.0264e-07 -4.0078e-09
9.0064e-07 -4.0078e-09
8.9863e-07 -4.0078e-09
8.9663e-07 -4.0078e-09
8.9462e-07 -4.0078e-09
8.9262e-07 -4.0078e-09
8.9062e-07 -4.0078e-09
8.8861e-07 -4.0078e-09
8.8661e-07 -4.0078e-09
8.8460e-07 -4.0078e-09
8.8260e-07 -4.0078e-09
8.8060e-07 -4.0078e-09
8.7859e-07 -4.0078e-09
8.7659e-07 -4.0078e-09
8.7458e-07 -4.0078e-09
8.7258e-07 -4.0078e-09
8.7058e-07 -4.0078e-09
8.6857e-07 -4.0078e-09
8.6657e-07 -4.0078e-09
8.6456e-07 -4.0078e-09
8.6256e-07 -4.0078e-09
8.6056e-07 -4.0078e-09
8.5855e-07 -4.0078e-09
8.5655e-07 -4.0078e-09
8.5455e-07 -4.0078e-09
8.5254e-07 -4.0078e-09
8.5054e-07 -4.0078e-09
8.4853e-07 -4.0078e-09
8.4653e-07 -4.0078e-09
8.4453e-07 -4.0078e-09
8.4252e-07 -4.0078e-09
8.4052e-07 -4.0078e-09
8.3851e-07 -4.0078e-09
8.3651e-07 -4.0078e-09
8.3451e-07 -4.0078e-09
8.3250e-07 -4.0078e-09
8.3050e-07 -4.0078e-09
8.2849e-07 -4.0078e-09
8.2649e-07 -4.0078e-09
8.2449e-07 -4.0078e-09
8.2248e-07 -4.0078e-09
8.2048e-07 -4.0078e-09
8.1847e-07 -4.0078e-09
8.1647e-07 -4.0078e-09
8.1447e-07 -4.0078e-09
8.1246e-07 -4.0078e-09
8.1046e-07 -4.0078e-09
8.0846e-07 -4.0078e-09
8.0645e-07 -4.0078e-09
8.0445e-07 -4.0078e-09
8.0244e-07 -4.0078e-09
8.0044e-07 -4.0078e-09
7.9844e-07 -4.0078e-09
7.9643e-07 -4.0078e-09
7.9443e-07 -4.0078e-09
7.9242e-07 -4.0078e-09
7.9042e-07 -4.0078e-09
7.8842e-07 -4.0078e-09
7.8641e-07 -4.0078e-09
7.8441e-07 -4.0078e-09
7.8240e-07 -4.0078e-09
7.8040e-07 -4.0078e-09
7.7840e-07 -4.0078e-09
7.7639e-07 -4.0078e-09
7.7439e-07 -4.0078e-09
7.7238e-07 -4.0078e-09
7.7038e-07 -4.0078e-09
7.6838e-07 -4.0078e-09
7.6637e-07 -4.0078e-09
7.6437e-07 -4.0078e-09
7.6236e-07 -4.0078e-09
7.6036e-07 -4.0078e-09
7.5836e-07 -4.0078e-09
7.5635e-07 -4.0078e-09
7.5435e-07 -4.0078e-09
7.5235e-07 -4.0078e-09
7.5034e-07 -4.0078e-09
7.4834e-07 -4.0078e-09
7.4633e-07 -4.0078e-09
7.4433e-07 -4.0078e-09
7.4233e-07 -4.0078e-09
7.4032e-07 -4.0078e-09
7.3832e-07 -4.0078e-09
7.3631e-07 -4.0078e-09
7.3431e-07 -4.0078e-09
7.3231e-07 -4.0078e-09
7.3030e-07 -4.0078e-09
7.2830e-07 -4.0078e-09
7.2629e-07 -4.0078e-09
7.2429e-07 -4.0078e-09
7.2229e-07 -4.0078e-09
7.2028e-07 -4.0078e-09
7.1828e-07 -4.0078e-09
7.1627e-07 -4.0078e-09
7.1427e-07 -4.0078e-09
7.1227e-07 -4.0078e-09
7.1026e-07 -4.0078e-09
7.0826e-07 -4.0078e-09
7.0626e-07 -4.0078e-09
7.0425e-07 -4.0078e-09
7.0225e-07 -4.0078e-09
7.0024e-07 -4.0078e-09
6.9824e-07 -4.0078e-09
6.9624e-07 -4.0078e-09
6.9423e-07 -4.0078e-09
6.9223e-07 -4.0078e-09
6.9022e-07 -4.0078e-09
6.8822e-07 -4.0078e-09
6.8622e-07 -4.0078e-09
6.8421e-07 -4.0078e-09
6.8221e-07 -4.0078e-09
6.8020e-07 -4.0078e-09
6.7820e-07 -4.0078e-09
6.7620e-07 -4.0078e-09
6.7419e-07 -4.0078e-09
6.7219e-07 -4.0078e-09
6.7018e-07 -4.0078e-09
6.6818e-07 -4.0078e-09
6.6618e-07 -4.0078e-09
6.6417e-07 -4.0078e-09
6.6217e-07 -4.0078e-09
6.6017e-07 -4.0078e-09
6.5816e-07 -4.0078e-09
6.5616e-07 -4.0078e-09
6.5415e-07 -4.0078e-09
6.5215e-07 -4.0078e-09
6.5015e-07 -4.0078e-09
6.4814e-07 -4.0078e-09
6.4614e-07 -4.0078e-09
6.4413e-07 -4.0078e-09
6.4213e-07 -4.0078e-09
6.4013e-07 -4.0078e-09
6.3812e-07 -4.0078e-09
6.3612e-07 -4.0078e-09
6.3411e-07 -4.0078e-09
6.3211e-07 -4.0078e-09
6.3011e-07 -4.0078e-09
6.2810e-07 -4.0078e-09
6.2610e-07 -4.0078e-09
6.2409e-07 -4.0078e-09
6.2209e-07 -4.0078e-09
6.2009e-07 -4.0078e-09
6.1808e-07 -4.0078e-09
6.1608e-07 -4.0078e-09
6.1407e-07 -4.0078e-09
6.1207e-07 -4.0078e-09
6.1007e-07 -4.0078e-09
6.0806e-07 -4.0078e-09
6.0606e-07 -4.0078e-09
6.0406e-07 -4.0078e-09
6.0205e-07 -4.0078e-09
6.0005e-07 -4.0078e-09
5.9804e-07 -4.0078e-09
5.9604e-07 -4.0078e-09
5.9404e-07 -4.0078e-09
5.9203e-07 -4.0078e-09
5.9003e-07 -4.0078e-09
5.8802e-07 -4.0078e-09
5.8602e-07 -4.0078e-09
5.8402e-07 -4.0078e-09
5.8201e-07 -4.0078e-09
5.8001e-07 -4.0078e-09
5.7800e-07 -4.0078e-09
5.7600e-07 -4.0078e-09
5.7400e-07 -4.0078e-09
5.7199e-07 -4.0078e-09
5.6999e-07 -4.0078e-09
5.6798e-07 -4.0078e-09
5.6598e-07 -4.0078e-09
5.6398e-07 -4.0078e-09
5.6197e-07 -4.0078e-09
5.5997e-07 -4.0078e-09
5.5797e-07 -4.0078e-09
5.5596e-07 -4.0078e-09
5.5396e-07 -4.0078e-09
5.5195e-07 -4.0078e-09
5.4995e-07 -4.0078e-09
5.4795e-07 -4.0078e-09
5.4594e-07 -4.0078e-09
5.4394e-07 -4.0078e-09
5.4193e-07 -4.0078e-09
5.3993e-07 -4.0078e-09
5.3793e-07 -4.0078e-09
5.3592e-07 -4.0078e-09
5.3392e-07 -4.0078e-09
5.3191e-07 -4.0078e-09
5.2991e-07 -4.0078e-09
5.2791e-07 -4.0078e-09
5.2590e-07 -4.0078e-09
5.2390e-07 -4.0078e-09
5.2189e-07 -4.0078e-09
5.1989e-07 -4.0078e-09
5.1789e-07 -4.0078e-09
5.1588e-07 -4.0078e-09
5.1388e-07 -4.0078e-09
5.1187e-07 -4.0078e-09
5.0987e-07 -4.0078e-09
5.0787e-07 -4.0078e-09
5.0306e-07 -2.8678e-09
5.0186e-07 1.9563e-09
5.0186e-07 3.9127e-09
5.0186e-07 5.8690e-09
5.0186e-07 7.8253e-09
5.0186e-07 9.7816e-09
5.0186e-07 1.1738e-08
5.0186e-07 1.3694e-08
5.0186e-07 1.5651e-08
5.0186e-07 1.7607e-08
5.0186e-07 1.9563e-08
5.0186e-07 2.1520e-08
5.0186e-07 2.3476e-08
