1.3085e-06 2.6762e-08
1.3129e-06 2.5948e-08
1.3169e-06 2.5354e-08
1.3208e-06 2.5170e-08
1.3247e-06 2.5119e-08
1.3287e-06 2.5560e-08
1.3326e-06 2.6240e-08
1.3366e-06 2.7071e-08
1.3406e-06 2.8090e-08
1.3446e-06 2.9088e-08
1.3486e-06 3.0059e-08
1.3527e-06 3.1013e-08
1.3567e-06 3.1776e-08
1.3607e-06 3.2538e-08
1.3648e-06 3.3241e-08
1.3688e-06 3.3743e-08
1.3728e-06 3.4184e-08
1.3769e-06 3.4513e-08
1.3809e-06 3.4779e-08
1.3849e-06 3.4887e-08
1.3889e-06 3.5046e-08
1.3930e-06 3.5152e-08
1.3970e-06 3.5183e-08
1.4010e-06 3.5249e-08
1.4055e-06 3.4999e-08
1.4060e-06 3.1863e-08
1.4060e-06 2.9587e-08
1.4060e-06 2.7311e-08
1.4060e-06 2.5036e-08
1.4060e-06 2.2760e-08
1.4060e-06 2.0484e-08
1.4060e-06 1.8208e-08
1.4060e-06 1.5932e-08
1.4060e-06 1.3656e-08
1.4060e-06 1.1380e-08
1.4060e-06 9.1038e-09
1.4060e-06 6.8279e-09
1.4060e-06 4.5519e-09
1.4060e-06 2.2760e-09
1.4055e-06 -8.6978e-10
1.4010e-06 -1.0000e-09
1.3970e-06 -1.0000e-09
1.3930e-06 -1.0000e-09
1.3890e-06 -1.0000e-09
1.3850e-06 -1.0000e-09
1.3810e-06 -1.0000e-09
1.3769e-06 -1.0000e-09
1.3729e-06 -1.0000e-09
1.3689e-06 -1.0000e-09
1.3649e-06 -1.0000e-09
1.3609e-06 -1.0000e-09
1.3569e-06 -1.0000e-09
1.3529e-06 -1.0000e-09
1.3489e-06 -1.0000e-09
1.3448e-06 -1.0000e-09
1.3408e-06 -1.0000e-09
1.3368e-06 -1.0000e-09
1.3328e-06 -1.0000e-09
1.3288e-06 -1.0000e-09
1.3248e-06 -1.0000e-09
1.3208e-06 -1.0000e-09
1.3168e-06 -1.0000e-09
1.3127e-06 -1.0000e-09
1.3083e-06 -9.1917e-10
1.3077e-06 1.7191e-09
1.3077e-06 3.4381e-09
1.3077e-06 5.1572e-09
1.3077e-06 6.8763e-09
1.3077e-06 8.5953e-09
1.3077e-06 1.0314e-08
1.3077e-06 1.2033e-08
1.3077e-06 1.3753e-08
1.3077e-06 1.5472e-08
1.3077e-06 1.7191e-08
1.3077e-06 1.8910e-08
1.3077e-06 2.0629e-08
1.3077e-06 2.2348e-08
1.3077e-06 2.4067e-08
