1.1040e-06 3.5493e-08
1.1083e-06 3.7278e-08
1.1104e-06 3.7654e-08
1.1124e-06 3.8005e-08
1.1144e-06 3.8348e-08
1.1164e-06 3.8692e-08
1.1185e-06 3.9021e-08
1.1204e-06 3.9315e-08
1.1224e-06 3.9642e-08
1.1244e-06 3.9987e-08
1.1264e-06 4.0342e-08
1.1285e-06 4.0651e-08
1.1306e-06 4.0915e-08
1.1325e-06 4.1190e-08
1.1345e-06 4.1468e-08
1.1366e-06 4.1752e-08
1.1387e-06 4.1992e-08
1.1407e-06 4.2208e-08
1.1427e-06 4.2404e-08
1.1447e-06 4.2598e-08
1.1467e-06 4.2794e-08
1.1488e-06 4.2977e-08
1.1507e-06 4.3159e-08
1.1527e-06 4.3371e-08
1.1547e-06 4.3586e-08
1.1567e-06 4.3797e-08
1.1587e-06 4.4043e-08
1.1608e-06 4.4269e-08
1.1629e-06 4.4406e-08
1.1649e-06 4.4536e-08
1.1668e-06 4.4667e-08
1.1688e-06 4.4845e-08
1.1709e-06 4.5009e-08
1.1729e-06 4.5140e-08
1.1749e-06 4.5269e-08
1.1769e-06 4.5396e-08
1.1790e-06 4.5514e-08
1.1810e-06 4.5605e-08
1.1831e-06 4.5672e-08
1.1851e-06 4.5739e-08
1.1871e-06 4.5789e-08
1.1892e-06 4.5806e-08
1.1912e-06 4.5810e-08
1.1932e-06 4.5808e-08
1.1953e-06 4.5806e-08
1.1973e-06 4.5765e-08
1.1994e-06 4.5680e-08
1.2014e-06 4.5609e-08
1.2034e-06 4.5542e-08
1.2054e-06 4.5472e-08
1.2101e-06 4.4114e-08
1.2112e-06 3.9375e-08
1.2112e-06 3.7406e-08
1.2112e-06 3.5437e-08
1.2112e-06 3.3468e-08
1.2112e-06 3.1500e-08
1.2112e-06 2.9531e-08
1.2112e-06 2.7562e-08
1.2112e-06 2.5594e-08
1.2112e-06 2.3625e-08
1.2112e-06 2.1656e-08
1.2112e-06 1.9687e-08
1.2112e-06 1.7719e-08
1.2112e-06 1.5750e-08
1.2112e-06 1.3781e-08
1.2112e-06 1.1812e-08
1.2112e-06 9.8437e-09
1.2112e-06 7.8749e-09
1.2112e-06 5.9062e-09
1.2112e-06 3.9375e-09
1.2112e-06 1.9687e-09
1.2100e-06 -2.8590e-09
1.2052e-06 -4.0078e-09
1.2032e-06 -4.0078e-09
1.2012e-06 -4.0078e-09
1.1992e-06 -4.0078e-09
1.1972e-06 -4.0078e-09
1.1952e-06 -4.0078e-09
1.1932e-06 -4.0078e-09
1.1912e-06 -4.0078e-09
1.1892e-06 -4.0078e-09
1.1872e-06 -4.0078e-09
1.1852e-06 -4.0078e-09
1.1832e-06 -4.0078e-09
1.1812e-06 -4.0078e-09
1.1792e-06 -4.0078e-09
1.1772e-06 -4.0078e-09
1.1752e-06 -4.0078e-09
1.1732e-06 -4.0078e-09
1.1712e-06 -4.0078e-09
1.1692e-06 -4.0078e-09
1.1672e-06 -4.0078e-09
1.1652e-06 -4.0078e-09
1.1631e-06 -4.0078e-09
1.1611e-06 -4.0078e-09
1.1591e-06 -4.0078e-09
1.1571e-06 -4.0078e-09
1.1551e-06 -4.0078e-09
1.1531e-06 -4.0078e-09
1.1511e-06 -4.0078e-09
1.1491e-06 -4.0078e-09
1.1471e-06 -4.0078e-09
1.1451e-06 -4.0078e-09
1.1431e-06 -4.0078e-09
1.1411e-06 -4.0078e-09
1.1391e-06 -4.0078e-09
1.1371e-06 -4.0078e-09
1.1351e-06 -4.0078e-09
1.1331e-06 -4.0078e-09
1.1311e-06 -4.0078e-09
1.1291e-06 -4.0078e-09
1.1271e-06 -4.0078e-09
1.1251e-06 -4.0078e-09
1.1231e-06 -4.0078e-09
1.1211e-06 -4.0078e-09
1.1191e-06 -4.0078e-09
1.1171e-06 -4.0078e-09
1.1151e-06 -4.0078e-09
1.1131e-06 -4.0078e-09
1.1110e-06 -4.0078e-09
1.1090e-06 -4.0078e-09
1.1043e-06 -2.8826e-09
1.1030e-06 1.9358e-09
1.1030e-06 3.8716e-09
1.1030e-06 5.8074e-09
1.1030e-06 7.7432e-09
1.1030e-06 9.6790e-09
1.1030e-06 1.1615e-08
1.1030e-06 1.3551e-08
1.1030e-06 1.5486e-08
1.1030e-06 1.7422e-08
1.1030e-06 1.9358e-08
1.1030e-06 2.1294e-08
1.1030e-06 2.3229e-08
1.1030e-06 2.5165e-08
1.1030e-06 2.7101e-08
1.1030e-06 2.9037e-08
1.1030e-06 3.0973e-08
