1.4049e-06 3.7012e-08
1.4097e-06 3.8075e-08
1.4117e-06 3.8042e-08
1.4138e-06 3.7974e-08
1.4157e-06 3.7918e-08
1.4177e-06 3.7869e-08
1.4197e-06 3.7820e-08
1.4217e-06 3.7785e-08
1.4237e-06 3.7770e-08
1.4258e-06 3.7693e-08
1.4279e-06 3.7591e-08
1.4298e-06 3.7492e-08
1.4318e-06 3.7419e-08
1.4338e-06 3.7368e-08
1.4359e-06 3.7261e-08
1.4379e-06 3.7144e-08
1.4399e-06 3.7029e-08
1.4419e-06 3.6914e-08
1.4440e-06 3.6793e-08
1.4461e-06 3.6572e-08
1.4481e-06 3.6357e-08
1.4501e-06 3.6144e-08
1.4521e-06 3.5944e-08
1.4542e-06 3.5736e-08
1.4562e-06 3.5462e-08
1.4583e-06 3.5196e-08
1.4603e-06 3.4930e-08
1.4623e-06 3.4663e-08
1.4643e-06 3.4385e-08
1.4663e-06 3.4082e-08
1.4683e-06 3.3782e-08
1.4704e-06 3.3481e-08
1.4724e-06 3.3167e-08
1.4744e-06 3.2863e-08
1.4763e-06 3.2570e-08
1.4783e-06 3.2276e-08
1.4803e-06 3.1991e-08
1.4823e-06 3.1732e-08
1.4843e-06 3.1461e-08
1.4863e-06 3.1181e-08
1.4883e-06 3.0910e-08
1.4901e-06 3.0700e-08
1.4920e-06 3.0630e-08
1.4940e-06 3.0541e-08
1.4960e-06 3.0446e-08
1.4978e-06 3.0355e-08
1.4994e-06 3.0410e-08
1.5012e-06 3.0709e-08
1.5033e-06 3.1004e-08
1.5053e-06 3.1280e-08
1.5072e-06 3.1535e-08
1.5089e-06 3.1891e-08
1.5109e-06 3.2407e-08
1.5130e-06 3.2881e-08
1.5150e-06 3.3326e-08
1.5169e-06 3.3758e-08
1.5189e-06 3.4229e-08
1.5209e-06 3.4748e-08
1.5229e-06 3.5227e-08
1.5249e-06 3.5694e-08
1.5270e-06 3.6170e-08
1.5291e-06 3.6606e-08
1.5311e-06 3.7025e-08
1.5332e-06 3.7379e-08
1.5352e-06 3.7722e-08
1.5372e-06 3.8068e-08
1.5392e-06 3.8402e-08
1.5413e-06 3.8730e-08
1.5433e-06 3.9043e-08
1.5453e-06 3.9354e-08
1.5473e-06 3.9669e-08
1.5493e-06 3.9954e-08
1.5514e-06 4.0235e-08
1.5534e-06 4.0516e-08
1.5554e-06 4.0798e-08
1.5574e-06 4.1078e-08
1.5595e-06 4.1328e-08
1.5615e-06 4.1562e-08
1.5635e-06 4.1776e-08
1.5655e-06 4.1991e-08
1.5676e-06 4.2192e-08
1.5696e-06 4.2340e-08
1.5715e-06 4.2532e-08
1.5735e-06 4.2762e-08
1.5756e-06 4.3002e-08
1.5777e-06 4.3189e-08
1.5797e-06 4.3289e-08
1.5817e-06 4.3431e-08
1.5836e-06 4.3594e-08
1.5857e-06 4.3762e-08
1.5878e-06 4.3869e-08
1.5898e-06 4.3916e-08
1.5918e-06 4.4005e-08
1.5938e-06 4.4103e-08
1.5959e-06 4.4204e-08
1.5980e-06 4.4228e-08
1.6000e-06 4.4209e-08
1.6019e-06 4.4241e-08
1.6039e-06 4.4274e-08
1.6060e-06 4.4308e-08
1.6108e-06 4.3139e-08
1.6120e-06 3.8349e-08
1.6120e-06 3.6432e-08
1.6120e-06 3.4514e-08
1.6120e-06 3.2597e-08
1.6120e-06 3.0679e-08
1.6120e-06 2.8762e-08
1.6120e-06 2.6844e-08
1.6120e-06 2.4927e-08
1.6120e-06 2.3010e-08
1.6120e-06 2.1092e-08
1.6120e-06 1.9175e-08
1.6120e-06 1.7257e-08
1.6120e-06 1.5340e-08
1.6120e-06 1.3422e-08
1.6120e-06 1.1505e-08
1.6120e-06 9.5873e-09
1.6120e-06 7.6699e-09
1.6120e-06 5.7524e-09
1.6120e-06 3.8349e-09
1.6120e-06 1.9175e-09
1.6108e-06 -2.8958e-09
1.6060e-06 -4.0078e-09
1.6040e-06 -4.0078e-09
1.6020e-06 -4.0078e-09
1.6000e-06 -4.0078e-09
1.5980e-06 -4.0078e-09
1.5960e-06 -4.0078e-09
1.5940e-06 -4.0078e-09
1.5920e-06 -4.0078e-09
1.5900e-06 -4.0078e-09
1.5880e-06 -4.0078e-09
1.5860e-06 -4.0078e-09
1.5840e-06 -4.0078e-09
1.5820e-06 -4.0078e-09
1.5800e-06 -4.0078e-09
1.5780e-06 -4.0078e-09
1.5760e-06 -4.0078e-09
1.5740e-06 -4.0078e-09
1.5719e-06 -4.0078e-09
1.5699e-06 -4.0078e-09
1.5679e-06 -4.0078e-09
1.5659e-06 -4.0078e-09
1.5639e-06 -4.0078e-09
1.5619e-06 -4.0078e-09
1.5599e-06 -4.0078e-09
1.5579e-06 -4.0078e-09
1.5559e-06 -4.0078e-09
1.5539e-06 -4.0078e-09
1.5519e-06 -4.0078e-09
1.5499e-06 -4.0078e-09
1.5479e-06 -4.0078e-09
1.5459e-06 -4.0078e-09
1.5439e-06 -4.0078e-09
1.5419e-06 -4.0078e-09
1.5399e-06 -4.0078e-09
1.5379e-06 -4.0078e-09
1.5359e-06 -4.0078e-09
1.5339e-06 -4.0078e-09
1.5319e-06 -4.0078e-09
1.5299e-06 -4.0078e-09
1.5279e-06 -4.0078e-09
1.5259e-06 -4.0078e-09
1.5239e-06 -4.0078e-09
1.5219e-06 -4.0078e-09
1.5198e-06 -4.0078e-09
1.5178e-06 -4.0078e-09
1.5158e-06 -4.0078e-09
1.5138e-06 -4.0078e-09
1.5118e-06 -4.0078e-09
1.5098e-06 -4.0078e-09
1.5078e-06 -4.0078e-09
1.5058e-06 -4.0078e-09
1.5038e-06 -4.0078e-09
1.5018e-06 -4.0078e-09
1.4998e-06 -4.0078e-09
1.4978e-06 -4.0078e-09
1.4958e-06 -4.0078e-09
1.4938e-06 -4.0078e-09
1.4918e-06 -4.0078e-09
1.4898e-06 -4.0078e-09
1.4878e-06 -4.0078e-09
1.4858e-06 -4.0078e-09
1.4838e-06 -4.0078e-09
1.4818e-06 -4.0078e-09
1.4798e-06 -4.0078e-09
1.4778e-06 -4.0078e-09
1.4758e-06 -4.0078e-09
1.4738e-06 -4.0078e-09
1.4718e-06 -4.0078e-09
1.4697e-06 -4.0078e-09
1.4677e-06 -4.0078e-09
1.4657e-06 -4.0078e-09
1.4637e-06 -4.0078e-09
1.4617e-06 -4.0078e-09
1.4597e-06 -4.0078e-09
1.4577e-06 -4.0078e-09
1.4557e-06 -4.0078e-09
1.4537e-06 -4.0078e-09
1.4517e-06 -4.0078e-09
1.4497e-06 -4.0078e-09
1.4477e-06 -4.0078e-09
1.4457e-06 -4.0078e-09
1.4437e-06 -4.0078e-09
1.4417e-06 -4.0078e-09
1.4397e-06 -4.0078e-09
1.4377e-06 -4.0078e-09
1.4357e-06 -4.0078e-09
1.4337e-06 -4.0078e-09
1.4317e-06 -4.0078e-09
1.4297e-06 -4.0078e-09
1.4277e-06 -4.0078e-09
1.4257e-06 -4.0078e-09
1.4237e-06 -4.0078e-09
1.4217e-06 -4.0078e-09
1.4197e-06 -4.0078e-09
1.4176e-06 -4.0078e-09
1.4156e-06 -4.0078e-09
1.4136e-06 -4.0078e-09
1.4116e-06 -4.0078e-09
1.4096e-06 -4.0078e-09
1.4049e-06 -2.9130e-09
1.4036e-06 1.8937e-09
1.4036e-06 3.7873e-09
1.4036e-06 5.6810e-09
1.4036e-06 7.5746e-09
1.4036e-06 9.4683e-09
1.4036e-06 1.1362e-08
1.4036e-06 1.3256e-08
1.4036e-06 1.5149e-08
1.4036e-06 1.7043e-08
1.4036e-06 1.8937e-08
1.4036e-06 2.0830e-08
1.4036e-06 2.2724e-08
1.4036e-06 2.4617e-08
1.4036e-06 2.6511e-08
1.4036e-06 2.8405e-08
1.4036e-06 3.0298e-08
1.4036e-06 3.2192e-08
