6.0612e-07 4.1009e-08
6.1068e-07 4.1109e-08
6.1469e-07 4.1085e-08
6.1871e-07 4.1089e-08
6.2272e-07 4.0984e-08
6.2673e-07 4.0983e-08
6.3077e-07 4.0942e-08
6.3479e-07 4.0699e-08
6.3882e-07 4.0600e-08
6.4285e-07 4.0218e-08
6.4687e-07 3.9917e-08
6.5091e-07 3.9504e-08
6.5493e-07 3.8939e-08
6.5896e-07 3.8440e-08
6.6301e-07 3.7726e-08
6.6703e-07 3.6960e-08
6.7106e-07 3.6148e-08
6.7508e-07 3.5266e-08
6.7910e-07 3.4368e-08
6.8314e-07 3.3366e-08
6.8717e-07 3.2233e-08
6.9120e-07 3.1101e-08
6.9522e-07 2.9842e-08
6.9920e-07 2.8627e-08
7.0351e-07 2.7532e-08
7.0395e-07 2.4926e-08
7.0395e-07 2.3145e-08
7.0395e-07 2.1365e-08
7.0395e-07 1.9584e-08
7.0395e-07 1.7804e-08
7.0395e-07 1.6024e-08
7.0395e-07 1.4243e-08
7.0395e-07 1.2463e-08
7.0395e-07 1.0682e-08
7.0395e-07 8.9020e-09
7.0395e-07 7.1216e-09
7.0395e-07 5.3412e-09
7.0395e-07 3.5608e-09
7.0395e-07 1.7804e-09
7.0335e-07 -9.1404e-10
6.9893e-07 -1.0000e-09
6.9492e-07 -1.0000e-09
6.9091e-07 -1.0000e-09
6.8690e-07 -1.0000e-09
6.8289e-07 -1.0000e-09
6.7887e-07 -1.0000e-09
6.7486e-07 -1.0000e-09
6.7085e-07 -1.0000e-09
6.6684e-07 -1.0000e-09
6.6283e-07 -1.0000e-09
6.5882e-07 -1.0000e-09
6.5480e-07 -1.0000e-09
6.5079e-07 -1.0000e-09
6.4678e-07 -1.0000e-09
6.4277e-07 -1.0000e-09
6.3876e-07 -1.0000e-09
6.3474e-07 -1.0000e-09
6.3073e-07 -1.0000e-09
6.2672e-07 -1.0000e-09
6.2271e-07 -1.0000e-09
6.1870e-07 -1.0000e-09
6.1469e-07 -1.0000e-09
6.1067e-07 -1.0000e-09
6.0611e-07 -8.3171e-10
6.0566e-07 2.6781e-09
6.0566e-07 5.3562e-09
6.0566e-07 8.0343e-09
6.0566e-07 1.0712e-08
6.0566e-07 1.3391e-08
6.0566e-07 1.6069e-08
6.0566e-07 1.8747e-08
6.0566e-07 2.1425e-08
6.0566e-07 2.4103e-08
6.0566e-07 2.6781e-08
6.0566e-07 2.9459e-08
6.0566e-07 3.2137e-08
6.0566e-07 3.4815e-08
6.0566e-07 3.7494e-08
