1.5087e-06 2.8699e-08
1.5131e-06 2.9864e-08
1.5171e-06 3.0749e-08
1.5211e-06 3.1732e-08
1.5252e-06 3.2682e-08
1.5292e-06 3.3591e-08
1.5332e-06 3.4361e-08
1.5372e-06 3.5051e-08
1.5413e-06 3.5716e-08
1.5453e-06 3.6340e-08
1.5493e-06 3.6940e-08
1.5533e-06 3.7503e-08
1.5573e-06 3.8067e-08
1.5614e-06 3.8554e-08
1.5654e-06 3.8981e-08
1.5694e-06 3.9340e-08
1.5734e-06 3.9755e-08
1.5774e-06 4.0195e-08
1.5815e-06 4.0428e-08
1.5855e-06 4.0756e-08
1.5895e-06 4.0929e-08
1.5935e-06 4.1108e-08
1.5976e-06 4.1253e-08
1.6016e-06 4.1257e-08
1.6062e-06 4.1160e-08
1.6066e-06 3.7635e-08
1.6066e-06 3.4946e-08
1.6066e-06 3.2258e-08
1.6066e-06 2.9570e-08
1.6066e-06 2.6882e-08
1.6066e-06 2.4194e-08
1.6066e-06 2.1506e-08
1.6066e-06 1.8817e-08
1.6066e-06 1.6129e-08
1.6066e-06 1.3441e-08
1.6066e-06 1.0753e-08
1.6066e-06 8.0646e-09
1.6066e-06 5.3764e-09
1.6066e-06 2.6882e-09
1.6062e-06 -8.3075e-10
1.6016e-06 -1.0000e-09
1.5976e-06 -1.0000e-09
1.5936e-06 -1.0000e-09
1.5896e-06 -1.0000e-09
1.5856e-06 -1.0000e-09
1.5815e-06 -1.0000e-09
1.5775e-06 -1.0000e-09
1.5735e-06 -1.0000e-09
1.5695e-06 -1.0000e-09
1.5655e-06 -1.0000e-09
1.5615e-06 -1.0000e-09
1.5575e-06 -1.0000e-09
1.5535e-06 -1.0000e-09
1.5494e-06 -1.0000e-09
1.5454e-06 -1.0000e-09
1.5414e-06 -1.0000e-09
1.5374e-06 -1.0000e-09
1.5334e-06 -1.0000e-09
1.5294e-06 -1.0000e-09
1.5254e-06 -1.0000e-09
1.5214e-06 -1.0000e-09
1.5174e-06 -1.0000e-09
1.5133e-06 -1.0000e-09
1.5089e-06 -9.0732e-10
1.5083e-06 1.8590e-09
1.5083e-06 3.7180e-09
1.5083e-06 5.5770e-09
1.5083e-06 7.4361e-09
1.5083e-06 9.2951e-09
1.5083e-06 1.1154e-08
1.5083e-06 1.3013e-08
1.5083e-06 1.4872e-08
1.5083e-06 1.6731e-08
1.5083e-06 1.8590e-08
1.5083e-06 2.0449e-08
1.5083e-06 2.2308e-08
1.5083e-06 2.4167e-08
1.5083e-06 2.6026e-08
