1.4086e-06 3.4980e-08
1.4131e-06 3.5017e-08
1.4171e-06 3.4906e-08
1.4211e-06 3.4811e-08
1.4251e-06 3.4747e-08
1.4291e-06 3.4546e-08
1.4331e-06 3.4406e-08
1.4372e-06 3.4204e-08
1.4412e-06 3.3972e-08
1.4452e-06 3.3672e-08
1.4493e-06 3.3241e-08
1.4533e-06 3.2837e-08
1.4573e-06 3.2317e-08
1.4613e-06 3.1784e-08
1.4653e-06 3.1218e-08
1.4694e-06 3.0618e-08
1.4734e-06 2.9996e-08
1.4774e-06 2.9408e-08
1.4814e-06 2.8848e-08
1.4854e-06 2.8304e-08
1.4894e-06 2.7753e-08
1.4933e-06 2.7590e-08
1.4973e-06 2.7401e-08
1.5012e-06 2.7688e-08
1.5056e-06 2.8225e-08
1.5063e-06 2.5452e-08
1.5063e-06 2.3634e-08
1.5063e-06 2.1816e-08
1.5063e-06 1.9998e-08
1.5063e-06 1.8180e-08
1.5063e-06 1.6362e-08
1.5063e-06 1.4544e-08
1.5063e-06 1.2726e-08
1.5063e-06 1.0908e-08
1.5063e-06 9.0899e-09
1.5063e-06 7.2719e-09
1.5063e-06 5.4539e-09
1.5063e-06 3.6360e-09
1.5063e-06 1.8180e-09
1.5057e-06 -9.1084e-10
1.5013e-06 -1.0000e-09
1.4973e-06 -1.0000e-09
1.4933e-06 -1.0000e-09
1.4893e-06 -1.0000e-09
1.4853e-06 -1.0000e-09
1.4812e-06 -1.0000e-09
1.4772e-06 -1.0000e-09
1.4732e-06 -1.0000e-09
1.4692e-06 -1.0000e-09
1.4652e-06 -1.0000e-09
1.4612e-06 -1.0000e-09
1.4572e-06 -1.0000e-09
1.4532e-06 -1.0000e-09
1.4492e-06 -1.0000e-09
1.4451e-06 -1.0000e-09
1.4411e-06 -1.0000e-09
1.4371e-06 -1.0000e-09
1.4331e-06 -1.0000e-09
1.4291e-06 -1.0000e-09
1.4251e-06 -1.0000e-09
1.4211e-06 -1.0000e-09
1.4171e-06 -1.0000e-09
1.4130e-06 -1.0000e-09
1.4085e-06 -8.7001e-10
1.4080e-06 2.2735e-09
1.4080e-06 4.5469e-09
1.4080e-06 6.8204e-09
1.4080e-06 9.0939e-09
1.4080e-06 1.1367e-08
1.4080e-06 1.3641e-08
1.4080e-06 1.5914e-08
1.4080e-06 1.8188e-08
1.4080e-06 2.0461e-08
1.4080e-06 2.2735e-08
1.4080e-06 2.5008e-08
1.4080e-06 2.7282e-08
1.4080e-06 2.9555e-08
1.4080e-06 3.1829e-08
