5.0582e-07 2.6438e-08
5.1015e-07 2.7459e-08
5.1415e-07 2.8430e-08
5.1817e-07 2.9428e-08
5.2217e-07 3.0355e-08
5.2616e-07 3.1421e-08
5.3018e-07 3.2553e-08
5.3421e-07 3.3539e-08
5.3821e-07 3.4546e-08
5.4225e-07 3.5572e-08
5.4627e-07 3.6343e-08
5.5030e-07 3.7308e-08
5.5435e-07 3.7935e-08
5.5835e-07 3.8625e-08
5.6240e-07 3.9294e-08
5.6645e-07 3.9722e-08
5.7046e-07 4.0088e-08
5.7449e-07 4.0455e-08
5.7852e-07 4.0689e-08
5.8254e-07 4.0946e-08
5.8658e-07 4.1098e-08
5.9059e-07 4.1127e-08
5.9462e-07 4.1262e-08
5.9865e-07 4.1192e-08
6.0320e-07 4.1026e-08
6.0365e-07 3.7514e-08
6.0365e-07 3.4835e-08
6.0365e-07 3.2155e-08
6.0365e-07 2.9475e-08
6.0365e-07 2.6796e-08
6.0365e-07 2.4116e-08
6.0365e-07 2.1437e-08
6.0365e-07 1.8757e-08
6.0365e-07 1.6078e-08
6.0365e-07 1.3398e-08
6.0365e-07 1.0718e-08
6.0365e-07 8.0388e-09
6.0365e-07 5.3592e-09
6.0365e-07 2.6796e-09
6.0321e-07 -8.3157e-10
5.9864e-07 -1.0000e-09
5.9463e-07 -1.0000e-09
5.9061e-07 -1.0000e-09
5.8660e-07 -1.0000e-09
5.8259e-07 -1.0000e-09
5.7858e-07 -1.0000e-09
5.7457e-07 -1.0000e-09
5.7055e-07 -1.0000e-09
5.6654e-07 -1.0000e-09
5.6253e-07 -1.0000e-09
5.5852e-07 -1.0000e-09
5.5451e-07 -1.0000e-09
5.5050e-07 -1.0000e-09
5.4648e-07 -1.0000e-09
5.4247e-07 -1.0000e-09
5.3846e-07 -1.0000e-09
5.3445e-07 -1.0000e-09
5.3044e-07 -1.0000e-09
5.2642e-07 -1.0000e-09
5.2241e-07 -1.0000e-09
5.1840e-07 -1.0000e-09
5.1439e-07 -1.0000e-09
5.1038e-07 -1.0000e-09
5.0597e-07 -9.2021e-10
5.0537e-07 1.7065e-09
5.0537e-07 3.4131e-09
5.0537e-07 5.1196e-09
5.0537e-07 6.8262e-09
5.0537e-07 8.5327e-09
5.0537e-07 1.0239e-08
5.0537e-07 1.1946e-08
5.0537e-07 1.3652e-08
5.0537e-07 1.5359e-08
5.0537e-07 1.7065e-08
5.0537e-07 1.8772e-08
5.0537e-07 2.0478e-08
5.0537e-07 2.2185e-08
5.0537e-07 2.3892e-08
