1.6140e-06 3.6143e-08
1.6159e-06 3.6109e-08
1.6179e-06 3.6045e-08
1.6199e-06 3.5978e-08
1.6219e-06 3.5912e-08
1.6239e-06 3.5847e-08
1.6259e-06 3.5782e-08
1.6278e-06 3.5667e-08
1.6298e-06 3.5545e-08
1.6318e-06 3.5411e-08
1.6338e-06 3.5277e-08
1.6358e-06 3.5143e-08
1.6378e-06 3.5011e-08
1.6398e-06 3.4888e-08
1.6419e-06 3.4773e-08
1.6439e-06 3.4659e-08
1.6458e-06 3.4537e-08
1.6478e-06 3.4391e-08
1.6498e-06 3.4243e-08
1.6518e-06 3.4094e-08
1.6538e-06 3.3944e-08
1.6558e-06 3.3795e-08
1.6578e-06 3.3648e-08
1.6598e-06 3.3478e-08
1.6618e-06 3.3297e-08
1.6638e-06 3.3116e-08
1.6657e-06 3.2920e-08
1.6677e-06 3.2712e-08
1.6697e-06 3.2474e-08
1.6717e-06 3.2229e-08
1.6736e-06 3.1987e-08
1.6756e-06 3.1722e-08
1.6776e-06 3.1442e-08
1.6796e-06 3.1176e-08
1.6816e-06 3.0912e-08
1.6836e-06 3.0655e-08
1.6855e-06 3.0349e-08
1.6875e-06 3.0020e-08
1.6895e-06 2.9690e-08
1.6915e-06 2.9359e-08
1.6935e-06 2.9034e-08
1.6955e-06 2.8680e-08
1.6974e-06 2.8316e-08
1.6994e-06 2.7925e-08
1.7014e-06 2.7532e-08
1.7042e-06 2.4480e-08
1.7042e-06 2.2597e-08
1.7042e-06 2.0714e-08
1.7042e-06 1.8831e-08
1.7042e-06 1.6948e-08
1.7042e-06 1.5065e-08
1.7042e-06 1.3182e-08
1.7042e-06 1.1299e-08
1.7042e-06 9.4155e-09
1.7042e-06 7.5324e-09
1.7042e-06 5.6493e-09
1.7022e-06 4.0078e-09
1.7002e-06 4.0078e-09
1.6982e-06 4.0078e-09
1.6962e-06 4.0078e-09
1.6942e-06 4.0078e-09
1.6922e-06 4.0078e-09
1.6902e-06 4.0078e-09
1.6882e-06 4.0078e-09
1.6862e-06 4.0078e-09
1.6842e-06 4.0078e-09
1.6822e-06 4.0078e-09
1.6802e-06 4.0078e-09
1.6782e-06 4.0078e-09
1.6762e-06 4.0078e-09
1.6741e-06 4.0078e-09
1.6721e-06 4.0078e-09
1.6701e-06 4.0078e-09
1.6681e-06 4.0078e-09
1.6661e-06 4.0078e-09
1.6641e-06 4.0078e-09
1.6621e-06 4.0078e-09
1.6601e-06 4.0078e-09
1.6581e-06 4.0078e-09
1.6561e-06 4.0078e-09
1.6541e-06 4.0078e-09
1.6521e-06 4.0078e-09
1.6501e-06 4.0078e-09
1.6481e-06 4.0078e-09
1.6461e-06 4.0078e-09
1.6441e-06 4.0078e-09
1.6421e-06 4.0078e-09
1.6401e-06 4.0078e-09
1.6381e-06 4.0078e-09
1.6361e-06 4.0078e-09
1.6341e-06 4.0078e-09
1.6321e-06 4.0078e-09
1.6301e-06 4.0078e-09
1.6281e-06 4.0078e-09
1.6261e-06 4.0078e-09
1.6241e-06 4.0078e-09
1.6220e-06 4.0078e-09
1.6200e-06 4.0078e-09
1.6180e-06 4.0078e-09
1.6160e-06 4.0078e-09
1.6140e-06 4.0078e-09
1.6120e-06 5.7524e-09
1.6120e-06 7.6699e-09
1.6120e-06 9.5873e-09
1.6120e-06 1.1505e-08
1.6120e-06 1.3422e-08
1.6120e-06 1.5340e-08
1.6120e-06 1.7257e-08
1.6120e-06 1.9175e-08
1.6120e-06 2.1092e-08
1.6120e-06 2.3010e-08
1.6120e-06 2.4927e-08
1.6120e-06 2.6844e-08
1.6120e-06 2.8762e-08
1.6120e-06 3.0679e-08
1.6120e-06 3.2597e-08
1.6120e-06 3.4514e-08
