1.1137e-06 3.0106e-08
1.1157e-06 3.0446e-08
1.1177e-06 3.0784e-08
1.1197e-06 3.1099e-08
1.1217e-06 3.1396e-08
1.1237e-06 3.1740e-08
1.1258e-06 3.2089e-08
1.1277e-06 3.2428e-08
1.1296e-06 3.2712e-08
1.1316e-06 3.2971e-08
1.1336e-06 3.3250e-08
1.1356e-06 3.3528e-08
1.1376e-06 3.3800e-08
1.1395e-06 3.4025e-08
1.1415e-06 3.4233e-08
1.1435e-06 3.4426e-08
1.1455e-06 3.4620e-08
1.1475e-06 3.4813e-08
1.1495e-06 3.4995e-08
1.1515e-06 3.5183e-08
1.1536e-06 3.5401e-08
1.1556e-06 3.5615e-08
1.1576e-06 3.5834e-08
1.1596e-06 3.6080e-08
1.1615e-06 3.6282e-08
1.1634e-06 3.6407e-08
1.1654e-06 3.6538e-08
1.1675e-06 3.6676e-08
1.1695e-06 3.6858e-08
1.1715e-06 3.7014e-08
1.1734e-06 3.7141e-08
1.1754e-06 3.7269e-08
1.1774e-06 3.7395e-08
1.1794e-06 3.7508e-08
1.1813e-06 3.7596e-08
1.1833e-06 3.7661e-08
1.1853e-06 3.7727e-08
1.1873e-06 3.7774e-08
1.1892e-06 3.7790e-08
1.1912e-06 3.7794e-08
1.1932e-06 3.7792e-08
1.1952e-06 3.7790e-08
1.1971e-06 3.7753e-08
1.1991e-06 3.7670e-08
1.2011e-06 3.7598e-08
1.2032e-06 3.5437e-08
1.2032e-06 3.3468e-08
1.2032e-06 3.1500e-08
1.2032e-06 2.9531e-08
1.2032e-06 2.7562e-08
1.2032e-06 2.5594e-08
1.2032e-06 2.3625e-08
1.2032e-06 2.1656e-08
1.2032e-06 1.9687e-08
1.2032e-06 1.7719e-08
1.2032e-06 1.5750e-08
1.2032e-06 1.3781e-08
1.2032e-06 1.1812e-08
1.2032e-06 9.8437e-09
1.2032e-06 7.8749e-09
1.2032e-06 5.9062e-09
1.2012e-06 4.0078e-09
1.1992e-06 4.0078e-09
1.1972e-06 4.0078e-09
1.1952e-06 4.0078e-09
1.1932e-06 4.0078e-09
1.1912e-06 4.0078e-09
1.1892e-06 4.0078e-09
1.1872e-06 4.0078e-09
1.1852e-06 4.0078e-09
1.1832e-06 4.0078e-09
1.1812e-06 4.0078e-09
1.1792e-06 4.0078e-09
1.1772e-06 4.0078e-09
1.1752e-06 4.0078e-09
1.1732e-06 4.0078e-09
1.1712e-06 4.0078e-09
1.1692e-06 4.0078e-09
1.1672e-06 4.0078e-09
1.1652e-06 4.0078e-09
1.1631e-06 4.0078e-09
1.1611e-06 4.0078e-09
1.1591e-06 4.0078e-09
1.1571e-06 4.0078e-09
1.1551e-06 4.0078e-09
1.1531e-06 4.0078e-09
1.1511e-06 4.0078e-09
1.1491e-06 4.0078e-09
1.1471e-06 4.0078e-09
1.1451e-06 4.0078e-09
1.1431e-06 4.0078e-09
1.1411e-06 4.0078e-09
1.1391e-06 4.0078e-09
1.1371e-06 4.0078e-09
1.1351e-06 4.0078e-09
1.1331e-06 4.0078e-09
1.1311e-06 4.0078e-09
1.1291e-06 4.0078e-09
1.1271e-06 4.0078e-09
1.1251e-06 4.0078e-09
1.1231e-06 4.0078e-09
1.1211e-06 4.0078e-09
1.1191e-06 4.0078e-09
1.1171e-06 4.0078e-09
1.1151e-06 4.0078e-09
1.1131e-06 4.0078e-09
1.1110e-06 5.8074e-09
1.1110e-06 7.7432e-09
1.1110e-06 9.6790e-09
1.1110e-06 1.1615e-08
1.1110e-06 1.3551e-08
1.1110e-06 1.5486e-08
1.1110e-06 1.7422e-08
1.1110e-06 1.9358e-08
1.1110e-06 2.1294e-08
1.1110e-06 2.3229e-08
1.1110e-06 2.5165e-08
1.1110e-06 2.7101e-08
