1.4135e-06 2.9962e-08
1.4155e-06 2.9905e-08
1.4175e-06 2.9856e-08
1.4196e-06 2.9806e-08
1.4216e-06 2.9770e-08
1.4236e-06 2.9756e-08
1.4255e-06 2.9685e-08
1.4275e-06 2.9586e-08
1.4295e-06 2.9484e-08
1.4315e-06 2.9407e-08
1.4335e-06 2.9358e-08
1.4355e-06 2.9257e-08
1.4375e-06 2.9142e-08
1.4395e-06 2.9026e-08
1.4415e-06 2.8911e-08
1.4434e-06 2.8804e-08
1.4453e-06 2.8601e-08
1.4473e-06 2.8387e-08
1.4493e-06 2.8171e-08
1.4513e-06 2.7969e-08
1.4533e-06 2.7774e-08
1.4552e-06 2.7516e-08
1.4572e-06 2.7250e-08
1.4592e-06 2.6985e-08
1.4612e-06 2.6719e-08
1.4632e-06 2.6450e-08
1.4651e-06 2.6154e-08
1.4672e-06 2.5855e-08
1.4691e-06 2.5557e-08
1.4711e-06 2.5245e-08
1.4732e-06 2.4936e-08
1.4752e-06 2.4640e-08
1.4772e-06 2.4345e-08
1.4792e-06 2.4050e-08
1.4812e-06 2.3786e-08
1.4832e-06 2.3519e-08
1.4852e-06 2.3242e-08
1.4873e-06 2.2957e-08
1.4895e-06 2.2708e-08
1.4916e-06 2.2621e-08
1.4936e-06 2.2534e-08
1.4956e-06 2.2439e-08
1.4978e-06 2.2339e-08
1.5002e-06 2.2434e-08
1.5024e-06 2.2785e-08
1.5044e-06 2.3066e-08
1.5064e-06 2.3338e-08
1.5085e-06 2.3631e-08
1.5107e-06 2.4083e-08
1.5128e-06 2.4622e-08
1.5147e-06 2.5059e-08
1.5167e-06 2.5498e-08
1.5187e-06 2.5949e-08
1.5208e-06 2.6452e-08
1.5228e-06 2.6963e-08
1.5248e-06 2.7421e-08
1.5268e-06 2.7888e-08
1.5287e-06 2.8345e-08
1.5307e-06 2.8756e-08
1.5326e-06 2.9145e-08
1.5346e-06 2.9478e-08
1.5366e-06 2.9822e-08
1.5385e-06 3.0163e-08
1.5405e-06 3.0491e-08
1.5425e-06 3.0813e-08
1.5445e-06 3.1122e-08
1.5465e-06 3.1433e-08
1.5485e-06 3.1739e-08
1.5505e-06 3.2016e-08
1.5525e-06 3.2297e-08
1.5545e-06 3.2578e-08
1.5565e-06 3.2858e-08
1.5584e-06 3.3129e-08
1.5604e-06 3.3369e-08
1.5624e-06 3.3594e-08
1.5644e-06 3.3805e-08
1.5663e-06 3.4016e-08
1.5683e-06 3.4206e-08
1.5703e-06 3.4355e-08
1.5724e-06 3.4563e-08
1.5744e-06 3.4800e-08
1.5764e-06 3.5028e-08
1.5782e-06 3.5192e-08
1.5802e-06 3.5288e-08
1.5823e-06 3.5440e-08
1.5843e-06 3.5605e-08
1.5862e-06 3.5764e-08
1.5881e-06 3.5858e-08
1.5901e-06 3.5905e-08
1.5922e-06 3.5998e-08
1.5942e-06 3.6097e-08
1.5961e-06 3.6192e-08
1.5980e-06 3.6212e-08
1.6000e-06 3.6194e-08
1.6021e-06 3.6227e-08
1.6040e-06 3.4514e-08
1.6040e-06 3.2597e-08
1.6040e-06 3.0679e-08
1.6040e-06 2.8762e-08
1.6040e-06 2.6844e-08
1.6040e-06 2.4927e-08
1.6040e-06 2.3010e-08
1.6040e-06 2.1092e-08
1.6040e-06 1.9175e-08
1.6040e-06 1.7257e-08
1.6040e-06 1.5340e-08
1.6040e-06 1.3422e-08
1.6040e-06 1.1505e-08
1.6040e-06 9.5873e-09
1.6040e-06 7.6699e-09
1.6040e-06 5.7524e-09
1.6020e-06 4.0078e-09
1.6000e-06 4.0078e-09
1.5980e-06 4.0078e-09
1.5960e-06 4.0078e-09
1.5940e-06 4.0078e-09
1.5920e-06 4.0078e-09
1.5900e-06 4.0078e-09
1.5880e-06 4.0078e-09
1.5860e-06 4.0078e-09
1.5840e-06 4.0078e-09
1.5820e-06 4.0078e-09
1.5800e-06 4.0078e-09
1.5780e-06 4.0078e-09
1.5760e-06 4.0078e-09
1.5740e-06 4.0078e-09
1.5719e-06 4.0078e-09
1.5699e-06 4.0078e-09
1.5679e-06 4.0078e-09
1.5659e-06 4.0078e-09
1.5639e-06 4.0078e-09
1.5619e-06 4.0078e-09
1.5599e-06 4.0078e-09
1.5579e-06 4.0078e-09
1.5559e-06 4.0078e-09
1.5539e-06 4.0078e-09
1.5519e-06 4.0078e-09
1.5499e-06 4.0078e-09
1.5479e-06 4.0078e-09
1.5459e-06 4.0078e-09
1.5439e-06 4.0078e-09
1.5419e-06 4.0078e-09
1.5399e-06 4.0078e-09
1.5379e-06 4.0078e-09
1.5359e-06 4.0078e-09
1.5339e-06 4.0078e-09
1.5319e-06 4.0078e-09
1.5299e-06 4.0078e-09
1.5279e-06 4.0078e-09
1.5259e-06 4.0078e-09
1.5239e-06 4.0078e-09
1.5219e-06 4.0078e-09
1.5198e-06 4.0078e-09
1.5178e-06 4.0078e-09
1.5158e-06 4.0078e-09
1.5138e-06 4.0078e-09
1.5118e-06 4.0078e-09
1.5098e-06 4.0078e-09
1.5078e-06 4.0078e-09
1.5058e-06 4.0078e-09
1.5038e-06 4.0078e-09
1.5018e-06 4.0078e-09
1.4998e-06 4.0078e-09
1.4978e-06 4.0078e-09
1.4958e-06 4.0078e-09
1.4938e-06 4.0078e-09
1.4918e-06 4.0078e-09
1.4898e-06 4.0078e-09
1.4878e-06 4.0078e-09
1.4858e-06 4.0078e-09
1.4838e-06 4.0078e-09
1.4818e-06 4.0078e-09
1.4798e-06 4.0078e-09
1.4778e-06 4.0078e-09
1.4758e-06 4.0078e-09
1.4738e-06 4.0078e-09
1.4718e-06 4.0078e-09
1.4697e-06 4.0078e-09
1.4677e-06 4.0078e-09
1.4657e-06 4.0078e-09
1.4637e-06 4.0078e-09
1.4617e-06 4.0078e-09
1.4597e-06 4.0078e-09
1.4577e-06 4.0078e-09
1.4557e-06 4.0078e-09
1.4537e-06 4.0078e-09
1.4517e-06 4.0078e-09
1.4497e-06 4.0078e-09
1.4477e-06 4.0078e-09
1.4457e-06 4.0078e-09
1.4437e-06 4.0078e-09
1.4417e-06 4.0078e-09
1.4397e-06 4.0078e-09
1.4377e-06 4.0078e-09
1.4357e-06 4.0078e-09
1.4337e-06 4.0078e-09
1.4317e-06 4.0078e-09
1.4297e-06 4.0078e-09
1.4277e-06 4.0078e-09
1.4257e-06 4.0078e-09
1.4237e-06 4.0078e-09
1.4217e-06 4.0078e-09
1.4197e-06 4.0078e-09
1.4176e-06 4.0078e-09
1.4156e-06 4.0078e-09
1.4136e-06 4.0078e-09
1.4116e-06 5.6810e-09
1.4116e-06 7.5746e-09
1.4116e-06 9.4683e-09
1.4116e-06 1.1362e-08
1.4116e-06 1.3256e-08
1.4116e-06 1.5149e-08
1.4116e-06 1.7043e-08
1.4116e-06 1.8937e-08
1.4116e-06 2.0830e-08
1.4116e-06 2.2724e-08
1.4116e-06 2.4617e-08
1.4116e-06 2.6511e-08
1.4116e-06 2.8405e-08
