1.0198e-06 3.3589e-08
1.0238e-06 3.3120e-08
1.0278e-06 3.2691e-08
1.0318e-06 3.2191e-08
1.0358e-06 3.1702e-08
1.0398e-06 3.1303e-08
1.0438e-06 3.0675e-08
1.0478e-06 3.0010e-08
1.0518e-06 2.9293e-08
1.0558e-06 2.8555e-08
1.0598e-06 2.7837e-08
1.0638e-06 2.7202e-08
1.0679e-06 2.6462e-08
1.0720e-06 2.6255e-08
1.0760e-06 2.5961e-08
1.0801e-06 2.5913e-08
1.0842e-06 2.6689e-08
1.0883e-06 2.7239e-08
1.0923e-06 2.8262e-08
1.1031e-06 2.5797e-08
1.1031e-06 2.3648e-08
1.1031e-06 2.1498e-08
1.1031e-06 1.9348e-08
1.1031e-06 1.7198e-08
1.1031e-06 1.5048e-08
1.1031e-06 1.2899e-08
1.1031e-06 1.0749e-08
1.1031e-06 8.5991e-09
1.1031e-06 6.4493e-09
1.0921e-06 1.0000e-09
1.0881e-06 1.0000e-09
1.0841e-06 1.0000e-09
1.0801e-06 1.0000e-09
1.0760e-06 1.0000e-09
1.0720e-06 1.0000e-09
1.0680e-06 1.0000e-09
1.0640e-06 1.0000e-09
1.0600e-06 1.0000e-09
1.0560e-06 1.0000e-09
1.0520e-06 1.0000e-09
1.0480e-06 1.0000e-09
1.0440e-06 1.0000e-09
1.0399e-06 1.0000e-09
1.0359e-06 1.0000e-09
1.0319e-06 1.0000e-09
1.0279e-06 1.0000e-09
1.0239e-06 1.0000e-09
1.0199e-06 1.0000e-09
1.0088e-06 7.1540e-09
1.0088e-06 9.5387e-09
1.0088e-06 1.1923e-08
1.0088e-06 1.4308e-08
1.0088e-06 1.6693e-08
1.0088e-06 1.9077e-08
1.0088e-06 2.1462e-08
1.0088e-06 2.3847e-08
1.0088e-06 2.6231e-08
1.0088e-06 2.8616e-08
