1.9224e-06 2.8991e-08
1.9264e-06 2.8273e-08
1.9304e-06 2.7571e-08
1.9344e-06 2.6805e-08
1.9384e-06 2.5987e-08
1.9424e-06 2.5102e-08
1.9464e-06 2.4244e-08
1.9504e-06 2.3411e-08
1.9545e-06 2.2645e-08
1.9585e-06 2.1913e-08
1.9626e-06 2.1374e-08
1.9666e-06 2.0994e-08
1.9706e-06 2.0732e-08
1.9747e-06 2.0637e-08
1.9788e-06 2.0694e-08
1.9828e-06 2.1028e-08
1.9868e-06 2.1325e-08
1.9909e-06 2.1875e-08
1.9949e-06 2.2304e-08
2.0058e-06 1.9816e-08
2.0058e-06 1.8165e-08
2.0058e-06 1.6514e-08
2.0058e-06 1.4862e-08
2.0058e-06 1.3211e-08
2.0058e-06 1.1560e-08
2.0058e-06 9.9082e-09
2.0058e-06 8.2568e-09
2.0058e-06 6.6055e-09
2.0058e-06 4.9541e-09
1.9948e-06 1.0000e-09
1.9908e-06 1.0000e-09
1.9867e-06 1.0000e-09
1.9827e-06 1.0000e-09
1.9787e-06 1.0000e-09
1.9747e-06 1.0000e-09
1.9707e-06 1.0000e-09
1.9667e-06 1.0000e-09
1.9627e-06 1.0000e-09
1.9587e-06 1.0000e-09
1.9546e-06 1.0000e-09
1.9506e-06 1.0000e-09
1.9466e-06 1.0000e-09
1.9426e-06 1.0000e-09
1.9386e-06 1.0000e-09
1.9346e-06 1.0000e-09
1.9306e-06 1.0000e-09
1.9266e-06 1.0000e-09
1.9226e-06 1.0000e-09
1.9115e-06 6.3204e-09
1.9115e-06 8.4271e-09
1.9115e-06 1.0534e-08
1.9115e-06 1.2641e-08
1.9115e-06 1.4747e-08
1.9115e-06 1.6854e-08
1.9115e-06 1.8961e-08
1.9115e-06 2.1068e-08
1.9115e-06 2.3175e-08
1.9115e-06 2.5281e-08
