1.1736e-07 2.3668e-08
1.2135e-07 2.4290e-08
1.2535e-07 2.4701e-08
1.2936e-07 2.5188e-08
1.3334e-07 2.5571e-08
1.3733e-07 2.5778e-08
1.4131e-07 2.5999e-08
1.4530e-07 2.5959e-08
1.4931e-07 2.6021e-08
1.5329e-07 2.5967e-08
1.5728e-07 2.5770e-08
1.6127e-07 2.5553e-08
1.6526e-07 2.5184e-08
1.6927e-07 2.4811e-08
1.7327e-07 2.4397e-08
1.7728e-07 2.3957e-08
1.8130e-07 2.3523e-08
1.8531e-07 2.3106e-08
1.8933e-07 2.2666e-08
2.0046e-07 1.8030e-08
2.0046e-07 1.6528e-08
2.0046e-07 1.5025e-08
2.0046e-07 1.3523e-08
2.0046e-07 1.2020e-08
2.0046e-07 1.0518e-08
2.0046e-07 9.0151e-09
2.0046e-07 7.5126e-09
2.0046e-07 6.0101e-09
2.0046e-07 4.5075e-09
1.8943e-07 1.0000e-09
1.8542e-07 1.0000e-09
1.8140e-07 1.0000e-09
1.7739e-07 1.0000e-09
1.7338e-07 1.0000e-09
1.6937e-07 1.0000e-09
1.6536e-07 1.0000e-09
1.6135e-07 1.0000e-09
1.5733e-07 1.0000e-09
1.5332e-07 1.0000e-09
1.4931e-07 1.0000e-09
1.4530e-07 1.0000e-09
1.4129e-07 1.0000e-09
1.3727e-07 1.0000e-09
1.3326e-07 1.0000e-09
1.2925e-07 1.0000e-09
1.2524e-07 1.0000e-09
1.2123e-07 1.0000e-09
1.1721e-07 1.0000e-09
1.0618e-07 4.5968e-09
1.0618e-07 6.1291e-09
1.0618e-07 7.6613e-09
1.0618e-07 9.1936e-09
1.0618e-07 1.0726e-08
1.0618e-07 1.2258e-08
1.0618e-07 1.3790e-08
1.0618e-07 1.5323e-08
1.0618e-07 1.6855e-08
1.0618e-07 1.8387e-08
