6.1868e-07 3.9089e-08
6.2270e-07 3.8984e-08
6.2672e-07 3.8983e-08
6.3070e-07 3.8943e-08
6.3470e-07 3.8701e-08
6.3870e-07 3.8604e-08
6.4268e-07 3.8226e-08
6.4669e-07 3.7924e-08
6.5067e-07 3.7519e-08
6.5467e-07 3.6956e-08
6.5867e-07 3.6462e-08
6.6265e-07 3.5759e-08
6.6665e-07 3.4997e-08
6.7065e-07 3.4191e-08
6.7465e-07 3.3313e-08
6.7865e-07 3.2421e-08
6.8263e-07 3.1433e-08
6.8663e-07 3.0307e-08
6.9063e-07 2.9184e-08
7.0195e-07 2.1365e-08
7.0195e-07 1.9584e-08
7.0195e-07 1.7804e-08
7.0195e-07 1.6024e-08
7.0195e-07 1.4243e-08
7.0195e-07 1.2463e-08
7.0195e-07 1.0682e-08
7.0195e-07 8.9020e-09
7.0195e-07 7.1216e-09
7.0195e-07 5.3412e-09
6.9091e-07 1.0000e-09
6.8690e-07 1.0000e-09
6.8289e-07 1.0000e-09
6.7887e-07 1.0000e-09
6.7486e-07 1.0000e-09
6.7085e-07 1.0000e-09
6.6684e-07 1.0000e-09
6.6283e-07 1.0000e-09
6.5882e-07 1.0000e-09
6.5480e-07 1.0000e-09
6.5079e-07 1.0000e-09
6.4678e-07 1.0000e-09
6.4277e-07 1.0000e-09
6.3876e-07 1.0000e-09
6.3474e-07 1.0000e-09
6.3073e-07 1.0000e-09
6.2672e-07 1.0000e-09
6.2271e-07 1.0000e-09
6.1870e-07 1.0000e-09
6.0766e-07 8.0343e-09
6.0766e-07 1.0712e-08
6.0766e-07 1.3391e-08
6.0766e-07 1.6069e-08
6.0766e-07 1.8747e-08
6.0766e-07 2.1425e-08
6.0766e-07 2.4103e-08
6.0766e-07 2.6781e-08
6.0766e-07 2.9459e-08
6.0766e-07 3.2137e-08
