1.5147e-06 2.5059e-08
1.5167e-06 2.5498e-08
1.5187e-06 2.5949e-08
1.5208e-06 2.6452e-08
1.5228e-06 2.6963e-08
1.5248e-06 2.7421e-08
1.5268e-06 2.7888e-08
1.5287e-06 2.8345e-08
1.5307e-06 2.8756e-08
1.5326e-06 2.9145e-08
1.5346e-06 2.9478e-08
1.5366e-06 2.9822e-08
1.5385e-06 3.0163e-08
1.5405e-06 3.0491e-08
1.5425e-06 3.0813e-08
1.5445e-06 3.1122e-08
1.5465e-06 3.1433e-08
1.5485e-06 3.1739e-08
1.5505e-06 3.2016e-08
1.5525e-06 3.2297e-08
1.5545e-06 3.2578e-08
1.5565e-06 3.2858e-08
1.5584e-06 3.3129e-08
1.5604e-06 3.3369e-08
1.5624e-06 3.3594e-08
1.5644e-06 3.3805e-08
1.5663e-06 3.4016e-08
1.5683e-06 3.4206e-08
1.5703e-06 3.4355e-08
1.5724e-06 3.4563e-08
1.5744e-06 3.4800e-08
1.5764e-06 3.5028e-08
1.5782e-06 3.5192e-08
1.5802e-06 3.5288e-08
1.5823e-06 3.5440e-08
1.5843e-06 3.5605e-08
1.5862e-06 3.5764e-08
1.5881e-06 3.5858e-08
1.5901e-06 3.5905e-08
1.5922e-06 3.5998e-08
1.5942e-06 3.6097e-08
1.5961e-06 3.6192e-08
1.5980e-06 3.6212e-08
1.6000e-06 3.6194e-08
1.6021e-06 3.6227e-08
1.6041e-06 3.6260e-08
1.6060e-06 3.6292e-08
1.6079e-06 3.6260e-08
1.6099e-06 3.6212e-08
1.6120e-06 3.6177e-08
1.6140e-06 3.6143e-08
1.6159e-06 3.6109e-08
1.6179e-06 3.6045e-08
1.6199e-06 3.5978e-08
1.6219e-06 3.5912e-08
1.6239e-06 3.5847e-08
1.6259e-06 3.5782e-08
1.6278e-06 3.5667e-08
1.6298e-06 3.5545e-08
1.6318e-06 3.5411e-08
1.6338e-06 3.5277e-08
1.6358e-06 3.5143e-08
1.6378e-06 3.5011e-08
1.6398e-06 3.4888e-08
1.6419e-06 3.4773e-08
1.6439e-06 3.4659e-08
1.6458e-06 3.4537e-08
1.6478e-06 3.4391e-08
1.6498e-06 3.4243e-08
1.6518e-06 3.4094e-08
1.6538e-06 3.3944e-08
1.6558e-06 3.3795e-08
1.6578e-06 3.3648e-08
1.6598e-06 3.3478e-08
1.6618e-06 3.3297e-08
1.6638e-06 3.3116e-08
1.6657e-06 3.2920e-08
1.6677e-06 3.2712e-08
1.6697e-06 3.2474e-08
1.6717e-06 3.2229e-08
1.6736e-06 3.1987e-08
1.6756e-06 3.1722e-08
1.6776e-06 3.1442e-08
1.6796e-06 3.1176e-08
1.6816e-06 3.0912e-08
1.6836e-06 3.0655e-08
1.6855e-06 3.0349e-08
1.6875e-06 3.0020e-08
1.6895e-06 2.9690e-08
1.6915e-06 2.9359e-08
1.6935e-06 2.9034e-08
1.6955e-06 2.8680e-08
1.6974e-06 2.8316e-08
1.6994e-06 2.7925e-08
1.7014e-06 2.7532e-08
1.7034e-06 2.7149e-08
1.7053e-06 2.6684e-08
1.7074e-06 2.6216e-08
1.7094e-06 2.5782e-08
1.7114e-06 2.5354e-08
1.7134e-06 2.4926e-08
1.7155e-06 2.4524e-08
1.7175e-06 2.4128e-08
1.7195e-06 2.3731e-08
1.7216e-06 2.3315e-08
1.7239e-06 2.2985e-08
1.7261e-06 2.2915e-08
1.7280e-06 2.2798e-08
1.7299e-06 2.2643e-08
1.7321e-06 2.2476e-08
1.7345e-06 2.2499e-08
1.7367e-06 2.2758e-08
1.7386e-06 2.2931e-08
1.7406e-06 2.3089e-08
1.7428e-06 2.3266e-08
1.7451e-06 2.3652e-08
1.7472e-06 2.4153e-08
1.7491e-06 2.4565e-08
1.7511e-06 2.4981e-08
1.7531e-06 2.5393e-08
1.7551e-06 2.5775e-08
1.7570e-06 2.6142e-08
1.7590e-06 2.6463e-08
1.7610e-06 2.6792e-08
1.7629e-06 2.7113e-08
1.7649e-06 2.7381e-08
1.7669e-06 2.7642e-08
1.7689e-06 2.7904e-08
1.7709e-06 2.8165e-08
1.7728e-06 2.8417e-08
1.7747e-06 2.8581e-08
1.7767e-06 2.8751e-08
1.7787e-06 2.8934e-08
1.7807e-06 2.9115e-08
1.7826e-06 2.9284e-08
1.7846e-06 2.9377e-08
1.7867e-06 2.9513e-08
1.7887e-06 2.9699e-08
1.7907e-06 2.9879e-08
1.7926e-06 3.0023e-08
1.7945e-06 3.0053e-08
1.7966e-06 3.0140e-08
1.7987e-06 3.0274e-08
1.8006e-06 3.0403e-08
1.8026e-06 3.0511e-08
1.8046e-06 3.0577e-08
1.8067e-06 3.0691e-08
1.8087e-06 3.0826e-08
1.8107e-06 3.0960e-08
1.8126e-06 3.1076e-08
1.8146e-06 3.1176e-08
1.8167e-06 3.1290e-08
1.8187e-06 3.1407e-08
1.8206e-06 3.1522e-08
1.8226e-06 3.1607e-08
1.8246e-06 3.1671e-08
1.8266e-06 3.1724e-08
1.8286e-06 3.1775e-08
1.8306e-06 3.1826e-08
1.8326e-06 3.1891e-08
1.8345e-06 3.1958e-08
1.8365e-06 3.1960e-08
1.8385e-06 3.1962e-08
1.8404e-06 3.1964e-08
1.8424e-06 3.1937e-08
1.8444e-06 3.1905e-08
1.8464e-06 3.1872e-08
1.8484e-06 3.1839e-08
1.8504e-06 3.1807e-08
1.8524e-06 3.1761e-08
1.8544e-06 3.1706e-08
1.8563e-06 3.1627e-08
1.8583e-06 3.1548e-08
1.8603e-06 3.1468e-08
1.8623e-06 3.1372e-08
1.8643e-06 3.1263e-08
1.8663e-06 3.1132e-08
1.8683e-06 3.1000e-08
1.8703e-06 3.0866e-08
1.8723e-06 3.0717e-08
1.8743e-06 3.0595e-08
1.8764e-06 3.0497e-08
1.8783e-06 3.0402e-08
1.8803e-06 3.0288e-08
1.8823e-06 3.0127e-08
1.8843e-06 2.9983e-08
1.8863e-06 2.9852e-08
1.8883e-06 2.9724e-08
1.8902e-06 2.9568e-08
1.8922e-06 2.9374e-08
1.8943e-06 2.9205e-08
1.8963e-06 2.9045e-08
1.8982e-06 2.8888e-08
1.9002e-06 2.8703e-08
1.9022e-06 2.8496e-08
1.9042e-06 2.8272e-08
1.9062e-06 2.8045e-08
1.9081e-06 2.7820e-08
1.9101e-06 2.7582e-08
1.9121e-06 2.7338e-08
1.9141e-06 2.7078e-08
1.9161e-06 2.6815e-08
1.9181e-06 2.6556e-08
1.9200e-06 2.6274e-08
1.9220e-06 2.5980e-08
1.9239e-06 2.5629e-08
1.9259e-06 2.5269e-08
1.9280e-06 2.4906e-08
1.9300e-06 2.4564e-08
1.9319e-06 2.4215e-08
1.9339e-06 2.3815e-08
1.9359e-06 2.3406e-08
1.9378e-06 2.3002e-08
1.9398e-06 2.2561e-08
1.9418e-06 2.2119e-08
1.9438e-06 2.1689e-08
1.9459e-06 2.1260e-08
1.9479e-06 2.0833e-08
1.9499e-06 2.0420e-08
1.9519e-06 2.0026e-08
1.9540e-06 1.9649e-08
1.9560e-06 1.9270e-08
1.9581e-06 1.8909e-08
1.9602e-06 1.8587e-08
1.9623e-06 1.8347e-08
1.9643e-06 1.8155e-08
1.9664e-06 1.7964e-08
1.9685e-06 1.7807e-08
1.9706e-06 1.7695e-08
1.9726e-06 1.7640e-08
1.9747e-06 1.7600e-08
1.9768e-06 1.7560e-08
1.9790e-06 1.7668e-08
1.9811e-06 1.7854e-08
1.9830e-06 1.8000e-08
1.9851e-06 1.8147e-08
1.9872e-06 1.8304e-08
1.9893e-06 1.8577e-08
1.9913e-06 1.8864e-08
1.9932e-06 1.9070e-08
1.9952e-06 1.9285e-08
1.9973e-06 1.9506e-08
1.9993e-06 1.9788e-08
2.0013e-06 2.0059e-08
2.0028e-06 1.9032e-08
2.0028e-06 1.7128e-08
2.0028e-06 1.5225e-08
2.0028e-06 1.3322e-08
2.0028e-06 1.1419e-08
2.0028e-06 9.5158e-09
2.0028e-06 7.6126e-09
2.0028e-06 5.7095e-09
2.0008e-06 4.0078e-09
1.9988e-06 4.0078e-09
1.9968e-06 4.0078e-09
1.9948e-06 4.0078e-09
1.9928e-06 4.0078e-09
1.9908e-06 4.0078e-09
1.9888e-06 4.0078e-09
1.9868e-06 4.0078e-09
1.9848e-06 4.0078e-09
1.9828e-06 4.0078e-09
1.9807e-06 4.0078e-09
1.9787e-06 4.0078e-09
1.9767e-06 4.0078e-09
1.9747e-06 4.0078e-09
1.9727e-06 4.0078e-09
1.9707e-06 4.0078e-09
1.9687e-06 4.0078e-09
1.9667e-06 4.0078e-09
1.9647e-06 4.0078e-09
1.9627e-06 4.0078e-09
1.9607e-06 4.0078e-09
1.9587e-06 4.0078e-09
1.9567e-06 4.0078e-09
1.9547e-06 4.0078e-09
1.9527e-06 4.0078e-09
1.9507e-06 4.0078e-09
1.9487e-06 4.0078e-09
1.9467e-06 4.0078e-09
1.9447e-06 4.0078e-09
1.9427e-06 4.0078e-09
1.9407e-06 4.0078e-09
1.9387e-06 4.0078e-09
1.9367e-06 4.0078e-09
1.9347e-06 4.0078e-09
1.9327e-06 4.0078e-09
1.9307e-06 4.0078e-09
1.9286e-06 4.0078e-09
1.9266e-06 4.0078e-09
1.9246e-06 4.0078e-09
1.9226e-06 4.0078e-09
1.9206e-06 4.0078e-09
1.9186e-06 4.0078e-09
1.9166e-06 4.0078e-09
1.9146e-06 4.0078e-09
1.9126e-06 4.0078e-09
1.9106e-06 4.0078e-09
1.9086e-06 4.0078e-09
1.9066e-06 4.0078e-09
1.9046e-06 4.0078e-09
1.9026e-06 4.0078e-09
1.9006e-06 4.0078e-09
1.8986e-06 4.0078e-09
1.8966e-06 4.0078e-09
1.8946e-06 4.0078e-09
1.8926e-06 4.0078e-09
1.8906e-06 4.0078e-09
1.8886e-06 4.0078e-09
1.8866e-06 4.0078e-09
1.8846e-06 4.0078e-09
1.8826e-06 4.0078e-09
1.8806e-06 4.0078e-09
1.8785e-06 4.0078e-09
1.8765e-06 4.0078e-09
1.8745e-06 4.0078e-09
1.8725e-06 4.0078e-09
1.8705e-06 4.0078e-09
1.8685e-06 4.0078e-09
1.8665e-06 4.0078e-09
1.8645e-06 4.0078e-09
1.8625e-06 4.0078e-09
1.8605e-06 4.0078e-09
1.8585e-06 4.0078e-09
1.8565e-06 4.0078e-09
1.8545e-06 4.0078e-09
1.8525e-06 4.0078e-09
1.8505e-06 4.0078e-09
1.8485e-06 4.0078e-09
1.8465e-06 4.0078e-09
1.8445e-06 4.0078e-09
1.8425e-06 4.0078e-09
1.8405e-06 4.0078e-09
1.8385e-06 4.0078e-09
1.8365e-06 4.0078e-09
1.8345e-06 4.0078e-09
1.8325e-06 4.0078e-09
1.8305e-06 4.0078e-09
1.8285e-06 4.0078e-09
1.8264e-06 4.0078e-09
1.8244e-06 4.0078e-09
1.8224e-06 4.0078e-09
1.8204e-06 4.0078e-09
1.8184e-06 4.0078e-09
1.8164e-06 4.0078e-09
1.8144e-06 4.0078e-09
1.8124e-06 4.0078e-09
1.8104e-06 4.0078e-09
1.8084e-06 4.0078e-09
1.8064e-06 4.0078e-09
1.8044e-06 4.0078e-09
1.8024e-06 4.0078e-09
1.8004e-06 4.0078e-09
1.7984e-06 4.0078e-09
1.7964e-06 4.0078e-09
1.7944e-06 4.0078e-09
1.7924e-06 4.0078e-09
1.7904e-06 4.0078e-09
1.7884e-06 4.0078e-09
1.7864e-06 4.0078e-09
1.7844e-06 4.0078e-09
1.7824e-06 4.0078e-09
1.7804e-06 4.0078e-09
1.7784e-06 4.0078e-09
1.7763e-06 4.0078e-09
1.7743e-06 4.0078e-09
1.7723e-06 4.0078e-09
1.7703e-06 4.0078e-09
1.7683e-06 4.0078e-09
1.7663e-06 4.0078e-09
1.7643e-06 4.0078e-09
1.7623e-06 4.0078e-09
1.7603e-06 4.0078e-09
1.7583e-06 4.0078e-09
1.7563e-06 4.0078e-09
1.7543e-06 4.0078e-09
1.7523e-06 4.0078e-09
1.7503e-06 4.0078e-09
1.7483e-06 4.0078e-09
1.7463e-06 4.0078e-09
1.7443e-06 4.0078e-09
1.7423e-06 4.0078e-09
1.7403e-06 4.0078e-09
1.7383e-06 4.0078e-09
1.7363e-06 4.0078e-09
1.7343e-06 4.0078e-09
1.7323e-06 4.0078e-09
1.7303e-06 4.0078e-09
1.7283e-06 4.0078e-09
1.7263e-06 4.0078e-09
1.7242e-06 4.0078e-09
1.7222e-06 4.0078e-09
1.7202e-06 4.0078e-09
1.7182e-06 4.0078e-09
1.7162e-06 4.0078e-09
1.7142e-06 4.0078e-09
1.7122e-06 4.0078e-09
1.7102e-06 4.0078e-09
1.7082e-06 4.0078e-09
1.7062e-06 4.0078e-09
1.7042e-06 4.0078e-09
1.7022e-06 4.0078e-09
1.7002e-06 4.0078e-09
1.6982e-06 4.0078e-09
1.6962e-06 4.0078e-09
1.6942e-06 4.0078e-09
1.6922e-06 4.0078e-09
1.6902e-06 4.0078e-09
1.6882e-06 4.0078e-09
1.6862e-06 4.0078e-09
1.6842e-06 4.0078e-09
1.6822e-06 4.0078e-09
1.6802e-06 4.0078e-09
1.6782e-06 4.0078e-09
1.6762e-06 4.0078e-09
1.6741e-06 4.0078e-09
1.6721e-06 4.0078e-09
1.6701e-06 4.0078e-09
1.6681e-06 4.0078e-09
1.6661e-06 4.0078e-09
1.6641e-06 4.0078e-09
1.6621e-06 4.0078e-09
1.6601e-06 4.0078e-09
1.6581e-06 4.0078e-09
1.6561e-06 4.0078e-09
1.6541e-06 4.0078e-09
1.6521e-06 4.0078e-09
1.6501e-06 4.0078e-09
1.6481e-06 4.0078e-09
1.6461e-06 4.0078e-09
1.6441e-06 4.0078e-09
1.6421e-06 4.0078e-09
1.6401e-06 4.0078e-09
1.6381e-06 4.0078e-09
1.6361e-06 4.0078e-09
1.6341e-06 4.0078e-09
1.6321e-06 4.0078e-09
1.6301e-06 4.0078e-09
1.6281e-06 4.0078e-09
1.6261e-06 4.0078e-09
1.6241e-06 4.0078e-09
1.6220e-06 4.0078e-09
1.6200e-06 4.0078e-09
1.6180e-06 4.0078e-09
1.6160e-06 4.0078e-09
1.6140e-06 4.0078e-09
1.6120e-06 4.0078e-09
1.6100e-06 4.0078e-09
1.6080e-06 4.0078e-09
1.6060e-06 4.0078e-09
1.6040e-06 4.0078e-09
1.6020e-06 4.0078e-09
1.6000e-06 4.0078e-09
1.5980e-06 4.0078e-09
1.5960e-06 4.0078e-09
1.5940e-06 4.0078e-09
1.5920e-06 4.0078e-09
1.5900e-06 4.0078e-09
1.5880e-06 4.0078e-09
1.5860e-06 4.0078e-09
1.5840e-06 4.0078e-09
1.5820e-06 4.0078e-09
1.5800e-06 4.0078e-09
1.5780e-06 4.0078e-09
1.5760e-06 4.0078e-09
1.5740e-06 4.0078e-09
1.5719e-06 4.0078e-09
1.5699e-06 4.0078e-09
1.5679e-06 4.0078e-09
1.5659e-06 4.0078e-09
1.5639e-06 4.0078e-09
1.5619e-06 4.0078e-09
1.5599e-06 4.0078e-09
1.5579e-06 4.0078e-09
1.5559e-06 4.0078e-09
1.5539e-06 4.0078e-09
1.5519e-06 4.0078e-09
1.5499e-06 4.0078e-09
1.5479e-06 4.0078e-09
1.5459e-06 4.0078e-09
1.5439e-06 4.0078e-09
1.5419e-06 4.0078e-09
1.5399e-06 4.0078e-09
1.5379e-06 4.0078e-09
1.5359e-06 4.0078e-09
1.5339e-06 4.0078e-09
1.5319e-06 4.0078e-09
1.5299e-06 4.0078e-09
1.5279e-06 4.0078e-09
1.5259e-06 4.0078e-09
1.5239e-06 4.0078e-09
1.5219e-06 4.0078e-09
1.5198e-06 4.0078e-09
1.5178e-06 4.0078e-09
1.5158e-06 4.0078e-09
1.5138e-06 4.0078e-09
1.5118e-06 5.9106e-09
1.5118e-06 7.8808e-09
1.5118e-06 9.8510e-09
1.5118e-06 1.1821e-08
1.5118e-06 1.3791e-08
1.5118e-06 1.5762e-08
1.5118e-06 1.7732e-08
1.5118e-06 1.9702e-08
1.5118e-06 2.1672e-08
