1.5147e-06 2.5059e-08
1.5167e-06 2.5498e-08
1.5187e-06 2.5949e-08
1.5208e-06 2.6452e-08
1.5228e-06 2.6963e-08
1.5248e-06 2.7421e-08
1.5268e-06 2.7888e-08
1.5287e-06 2.8345e-08
1.5307e-06 2.8756e-08
1.5326e-06 2.9145e-08
1.5346e-06 2.9478e-08
1.5366e-06 2.9822e-08
1.5385e-06 3.0163e-08
1.5405e-06 3.0491e-08
1.5425e-06 3.0813e-08
1.5445e-06 3.1122e-08
1.5465e-06 3.1433e-08
1.5485e-06 3.1739e-08
1.5505e-06 3.2016e-08
1.5525e-06 3.2297e-08
1.5545e-06 3.2578e-08
1.5565e-06 3.2858e-08
1.5584e-06 3.3129e-08
1.5604e-06 3.3369e-08
1.5624e-06 3.3594e-08
1.5644e-06 3.3805e-08
1.5663e-06 3.4016e-08
1.5683e-06 3.4206e-08
1.5703e-06 3.4355e-08
1.5724e-06 3.4563e-08
1.5744e-06 3.4800e-08
1.5764e-06 3.5028e-08
1.5782e-06 3.5192e-08
1.5802e-06 3.5288e-08
1.5823e-06 3.5440e-08
1.5843e-06 3.5605e-08
1.5862e-06 3.5764e-08
1.5881e-06 3.5858e-08
1.5901e-06 3.5905e-08
1.5922e-06 3.5998e-08
1.5942e-06 3.6097e-08
1.5961e-06 3.6192e-08
1.5980e-06 3.6212e-08
1.6000e-06 3.6194e-08
1.6021e-06 3.6227e-08
1.6040e-06 3.4514e-08
1.6040e-06 3.2597e-08
1.6040e-06 3.0679e-08
1.6040e-06 2.8762e-08
1.6040e-06 2.6844e-08
1.6040e-06 2.4927e-08
1.6040e-06 2.3010e-08
1.6040e-06 2.1092e-08
1.6040e-06 1.9175e-08
1.6040e-06 1.7257e-08
1.6040e-06 1.5340e-08
1.6040e-06 1.3422e-08
1.6040e-06 1.1505e-08
1.6040e-06 9.5873e-09
1.6040e-06 7.6699e-09
1.6040e-06 5.7524e-09
1.6020e-06 4.0078e-09
1.6000e-06 4.0078e-09
1.5980e-06 4.0078e-09
1.5960e-06 4.0078e-09
1.5940e-06 4.0078e-09
1.5920e-06 4.0078e-09
1.5900e-06 4.0078e-09
1.5880e-06 4.0078e-09
1.5860e-06 4.0078e-09
1.5840e-06 4.0078e-09
1.5820e-06 4.0078e-09
1.5800e-06 4.0078e-09
1.5780e-06 4.0078e-09
1.5760e-06 4.0078e-09
1.5740e-06 4.0078e-09
1.5719e-06 4.0078e-09
1.5699e-06 4.0078e-09
1.5679e-06 4.0078e-09
1.5659e-06 4.0078e-09
1.5639e-06 4.0078e-09
1.5619e-06 4.0078e-09
1.5599e-06 4.0078e-09
1.5579e-06 4.0078e-09
1.5559e-06 4.0078e-09
1.5539e-06 4.0078e-09
1.5519e-06 4.0078e-09
1.5499e-06 4.0078e-09
1.5479e-06 4.0078e-09
1.5459e-06 4.0078e-09
1.5439e-06 4.0078e-09
1.5419e-06 4.0078e-09
1.5399e-06 4.0078e-09
1.5379e-06 4.0078e-09
1.5359e-06 4.0078e-09
1.5339e-06 4.0078e-09
1.5319e-06 4.0078e-09
1.5299e-06 4.0078e-09
1.5279e-06 4.0078e-09
1.5259e-06 4.0078e-09
1.5239e-06 4.0078e-09
1.5219e-06 4.0078e-09
1.5198e-06 4.0078e-09
1.5178e-06 4.0078e-09
1.5158e-06 4.0078e-09
1.5138e-06 4.0078e-09
1.5118e-06 5.9106e-09
1.5118e-06 7.8808e-09
1.5118e-06 9.8510e-09
1.5118e-06 1.1821e-08
1.5118e-06 1.3791e-08
1.5118e-06 1.5762e-08
1.5118e-06 1.7732e-08
1.5118e-06 1.9702e-08
1.5118e-06 2.1672e-08
