9.1970e-07 3.2445e-08
9.2371e-07 3.2899e-08
9.2772e-07 3.3345e-08
9.3173e-07 3.3768e-08
9.3575e-07 3.4245e-08
9.3976e-07 3.4708e-08
9.4377e-07 3.5168e-08
9.4778e-07 3.5611e-08
9.5178e-07 3.6037e-08
9.5577e-07 3.6371e-08
9.5977e-07 3.6661e-08
9.6376e-07 3.6880e-08
9.6777e-07 3.7029e-08
9.7175e-07 3.7185e-08
9.7574e-07 3.7117e-08
9.7974e-07 3.7081e-08
9.8372e-07 3.6928e-08
9.8772e-07 3.6663e-08
9.9172e-07 3.6375e-08
1.0028e-06 2.8994e-08
1.0028e-06 2.6578e-08
1.0028e-06 2.4161e-08
1.0028e-06 2.1745e-08
1.0028e-06 1.9329e-08
1.0028e-06 1.6913e-08
1.0028e-06 1.4497e-08
1.0028e-06 1.2081e-08
1.0028e-06 9.6646e-09
1.0028e-06 7.2484e-09
9.9180e-07 1.0000e-09
9.8779e-07 1.0000e-09
9.8378e-07 1.0000e-09
9.7976e-07 1.0000e-09
9.7575e-07 1.0000e-09
9.7174e-07 1.0000e-09
9.6773e-07 1.0000e-09
9.6372e-07 1.0000e-09
9.5971e-07 1.0000e-09
9.5569e-07 1.0000e-09
9.5168e-07 1.0000e-09
9.4767e-07 1.0000e-09
9.4366e-07 1.0000e-09
9.3965e-07 1.0000e-09
9.3563e-07 1.0000e-09
9.3162e-07 1.0000e-09
9.2761e-07 1.0000e-09
9.2360e-07 1.0000e-09
9.1959e-07 1.0000e-09
9.0855e-07 6.3856e-09
9.0855e-07 8.5142e-09
9.0855e-07 1.0643e-08
9.0855e-07 1.2771e-08
9.0855e-07 1.4900e-08
9.0855e-07 1.7028e-08
9.0855e-07 1.9157e-08
9.0855e-07 2.1285e-08
9.0855e-07 2.3414e-08
9.0855e-07 2.5542e-08
