1.8146e-06 3.1176e-08
1.8167e-06 3.1290e-08
1.8187e-06 3.1407e-08
1.8206e-06 3.1522e-08
1.8226e-06 3.1607e-08
1.8246e-06 3.1671e-08
1.8266e-06 3.1724e-08
1.8286e-06 3.1775e-08
1.8306e-06 3.1826e-08
1.8326e-06 3.1891e-08
1.8345e-06 3.1958e-08
1.8365e-06 3.1960e-08
1.8385e-06 3.1962e-08
1.8404e-06 3.1964e-08
1.8424e-06 3.1937e-08
1.8444e-06 3.1905e-08
1.8464e-06 3.1872e-08
1.8484e-06 3.1839e-08
1.8504e-06 3.1807e-08
1.8524e-06 3.1761e-08
1.8544e-06 3.1706e-08
1.8563e-06 3.1627e-08
1.8583e-06 3.1548e-08
1.8603e-06 3.1468e-08
1.8623e-06 3.1372e-08
1.8643e-06 3.1263e-08
1.8663e-06 3.1132e-08
1.8683e-06 3.1000e-08
1.8703e-06 3.0866e-08
1.8723e-06 3.0717e-08
1.8743e-06 3.0595e-08
1.8764e-06 3.0497e-08
1.8783e-06 3.0402e-08
1.8803e-06 3.0288e-08
1.8823e-06 3.0127e-08
1.8843e-06 2.9983e-08
1.8863e-06 2.9852e-08
1.8883e-06 2.9724e-08
1.8902e-06 2.9568e-08
1.8922e-06 2.9374e-08
1.8943e-06 2.9205e-08
1.8963e-06 2.9045e-08
1.8982e-06 2.8888e-08
1.9002e-06 2.8703e-08
1.9022e-06 2.8496e-08
1.9046e-06 2.5838e-08
1.9046e-06 2.3851e-08
1.9046e-06 2.1863e-08
1.9046e-06 1.9875e-08
1.9046e-06 1.7888e-08
1.9046e-06 1.5900e-08
1.9046e-06 1.3913e-08
1.9046e-06 1.1925e-08
1.9046e-06 9.9377e-09
1.9046e-06 7.9502e-09
1.9046e-06 5.9626e-09
1.9026e-06 4.0078e-09
1.9006e-06 4.0078e-09
1.8986e-06 4.0078e-09
1.8966e-06 4.0078e-09
1.8946e-06 4.0078e-09
1.8926e-06 4.0078e-09
1.8906e-06 4.0078e-09
1.8886e-06 4.0078e-09
1.8866e-06 4.0078e-09
1.8846e-06 4.0078e-09
1.8826e-06 4.0078e-09
1.8806e-06 4.0078e-09
1.8785e-06 4.0078e-09
1.8765e-06 4.0078e-09
1.8745e-06 4.0078e-09
1.8725e-06 4.0078e-09
1.8705e-06 4.0078e-09
1.8685e-06 4.0078e-09
1.8665e-06 4.0078e-09
1.8645e-06 4.0078e-09
1.8625e-06 4.0078e-09
1.8605e-06 4.0078e-09
1.8585e-06 4.0078e-09
1.8565e-06 4.0078e-09
1.8545e-06 4.0078e-09
1.8525e-06 4.0078e-09
1.8505e-06 4.0078e-09
1.8485e-06 4.0078e-09
1.8465e-06 4.0078e-09
1.8445e-06 4.0078e-09
1.8425e-06 4.0078e-09
1.8405e-06 4.0078e-09
1.8385e-06 4.0078e-09
1.8365e-06 4.0078e-09
1.8345e-06 4.0078e-09
1.8325e-06 4.0078e-09
1.8305e-06 4.0078e-09
1.8285e-06 4.0078e-09
1.8264e-06 4.0078e-09
1.8244e-06 4.0078e-09
1.8224e-06 4.0078e-09
1.8204e-06 4.0078e-09
1.8184e-06 4.0078e-09
1.8164e-06 4.0078e-09
1.8144e-06 4.0078e-09
1.8124e-06 5.8042e-09
1.8124e-06 7.7390e-09
1.8124e-06 9.6737e-09
1.8124e-06 1.1608e-08
1.8124e-06 1.3543e-08
1.8124e-06 1.5478e-08
1.8124e-06 1.7413e-08
1.8124e-06 1.9347e-08
1.8124e-06 2.1282e-08
1.8124e-06 2.3217e-08
1.8124e-06 2.5152e-08
1.8124e-06 2.7086e-08
1.8124e-06 2.9021e-08
