1.4135e-06 2.9962e-08
1.4155e-06 2.9905e-08
1.4175e-06 2.9856e-08
1.4196e-06 2.9806e-08
1.4216e-06 2.9770e-08
1.4236e-06 2.9756e-08
1.4255e-06 2.9685e-08
1.4275e-06 2.9586e-08
1.4295e-06 2.9484e-08
1.4315e-06 2.9407e-08
1.4335e-06 2.9358e-08
1.4355e-06 2.9257e-08
1.4375e-06 2.9142e-08
1.4395e-06 2.9026e-08
1.4415e-06 2.8911e-08
1.4434e-06 2.8804e-08
1.4453e-06 2.8601e-08
1.4473e-06 2.8387e-08
1.4493e-06 2.8171e-08
1.4513e-06 2.7969e-08
1.4533e-06 2.7774e-08
1.4552e-06 2.7516e-08
1.4572e-06 2.7250e-08
1.4592e-06 2.6985e-08
1.4612e-06 2.6719e-08
1.4632e-06 2.6450e-08
1.4651e-06 2.6154e-08
1.4672e-06 2.5855e-08
1.4691e-06 2.5557e-08
1.4711e-06 2.5245e-08
1.4732e-06 2.4936e-08
1.4752e-06 2.4640e-08
1.4772e-06 2.4345e-08
1.4792e-06 2.4050e-08
1.4812e-06 2.3786e-08
1.4832e-06 2.3519e-08
1.4852e-06 2.3242e-08
1.4873e-06 2.2957e-08
1.4895e-06 2.2708e-08
1.4916e-06 2.2621e-08
1.4936e-06 2.2534e-08
1.4956e-06 2.2439e-08
1.4978e-06 2.2339e-08
1.5002e-06 2.2434e-08
1.5024e-06 2.2785e-08
1.5038e-06 2.1672e-08
1.5038e-06 1.9702e-08
1.5038e-06 1.7732e-08
1.5038e-06 1.5762e-08
1.5038e-06 1.3791e-08
1.5038e-06 1.1821e-08
1.5038e-06 9.8510e-09
1.5038e-06 7.8808e-09
1.5038e-06 5.9106e-09
1.5018e-06 4.0078e-09
1.4998e-06 4.0078e-09
1.4978e-06 4.0078e-09
1.4958e-06 4.0078e-09
1.4938e-06 4.0078e-09
1.4918e-06 4.0078e-09
1.4898e-06 4.0078e-09
1.4878e-06 4.0078e-09
1.4858e-06 4.0078e-09
1.4838e-06 4.0078e-09
1.4818e-06 4.0078e-09
1.4798e-06 4.0078e-09
1.4778e-06 4.0078e-09
1.4758e-06 4.0078e-09
1.4738e-06 4.0078e-09
1.4718e-06 4.0078e-09
1.4697e-06 4.0078e-09
1.4677e-06 4.0078e-09
1.4657e-06 4.0078e-09
1.4637e-06 4.0078e-09
1.4617e-06 4.0078e-09
1.4597e-06 4.0078e-09
1.4577e-06 4.0078e-09
1.4557e-06 4.0078e-09
1.4537e-06 4.0078e-09
1.4517e-06 4.0078e-09
1.4497e-06 4.0078e-09
1.4477e-06 4.0078e-09
1.4457e-06 4.0078e-09
1.4437e-06 4.0078e-09
1.4417e-06 4.0078e-09
1.4397e-06 4.0078e-09
1.4377e-06 4.0078e-09
1.4357e-06 4.0078e-09
1.4337e-06 4.0078e-09
1.4317e-06 4.0078e-09
1.4297e-06 4.0078e-09
1.4277e-06 4.0078e-09
1.4257e-06 4.0078e-09
1.4237e-06 4.0078e-09
1.4217e-06 4.0078e-09
1.4197e-06 4.0078e-09
1.4176e-06 4.0078e-09
1.4156e-06 4.0078e-09
1.4136e-06 4.0078e-09
1.4116e-06 5.6810e-09
1.4116e-06 7.5746e-09
1.4116e-06 9.4683e-09
1.4116e-06 1.1362e-08
1.4116e-06 1.3256e-08
1.4116e-06 1.5149e-08
1.4116e-06 1.7043e-08
1.4116e-06 1.8937e-08
1.4116e-06 2.0830e-08
1.4116e-06 2.2724e-08
1.4116e-06 2.4617e-08
1.4116e-06 2.6511e-08
1.4116e-06 2.8405e-08
