2.1746e-07 2.0469e-08
2.2146e-07 2.0259e-08
2.2547e-07 1.9996e-08
2.2947e-07 1.9732e-08
2.3351e-07 1.9413e-08
2.3754e-07 1.9318e-08
2.4153e-07 1.9129e-08
2.4554e-07 1.8919e-08
2.4955e-07 1.8703e-08
2.5358e-07 1.8437e-08
2.5760e-07 1.8379e-08
2.6162e-07 1.8202e-08
2.6565e-07 1.8181e-08
2.6965e-07 1.8135e-08
2.7367e-07 1.8054e-08
2.7769e-07 1.8103e-08
2.8169e-07 1.8066e-08
2.8570e-07 1.8013e-08
2.8972e-07 1.8001e-08
3.0076e-07 1.5590e-08
3.0076e-07 1.4291e-08
3.0076e-07 1.2992e-08
3.0076e-07 1.1693e-08
3.0076e-07 1.0394e-08
3.0076e-07 9.0944e-09
3.0076e-07 7.7952e-09
3.0076e-07 6.4960e-09
3.0076e-07 5.1968e-09
3.0076e-07 3.8976e-09
2.8972e-07 1.0000e-09
2.8571e-07 1.0000e-09
2.8170e-07 1.0000e-09
2.7769e-07 1.0000e-09
2.7368e-07 1.0000e-09
2.6967e-07 1.0000e-09
2.6565e-07 1.0000e-09
2.6164e-07 1.0000e-09
2.5763e-07 1.0000e-09
2.5362e-07 1.0000e-09
2.4961e-07 1.0000e-09
2.4559e-07 1.0000e-09
2.4158e-07 1.0000e-09
2.3757e-07 1.0000e-09
2.3356e-07 1.0000e-09
2.2955e-07 1.0000e-09
2.2553e-07 1.0000e-09
2.2152e-07 1.0000e-09
2.1751e-07 1.0000e-09
2.0648e-07 4.4434e-09
2.0648e-07 5.9245e-09
2.0648e-07 7.4057e-09
2.0648e-07 8.8868e-09
2.0648e-07 1.0368e-08
2.0648e-07 1.1849e-08
2.0648e-07 1.3330e-08
2.0648e-07 1.4811e-08
2.0648e-07 1.6293e-08
2.0648e-07 1.7774e-08
