5.1863e-07 2.7484e-08
5.2265e-07 2.8415e-08
5.2669e-07 2.9493e-08
5.3069e-07 3.0619e-08
5.3469e-07 3.1598e-08
5.3870e-07 3.2607e-08
5.4269e-07 3.3620e-08
5.4669e-07 3.4388e-08
5.5069e-07 3.5346e-08
5.5467e-07 3.5961e-08
5.5869e-07 3.6653e-08
5.6267e-07 3.7313e-08
5.6664e-07 3.7731e-08
5.7065e-07 3.8096e-08
5.7464e-07 3.8460e-08
5.7864e-07 3.8692e-08
5.8264e-07 3.8949e-08
5.8662e-07 3.9099e-08
5.9063e-07 3.9128e-08
6.0165e-07 3.2155e-08
6.0165e-07 2.9475e-08
6.0165e-07 2.6796e-08
6.0165e-07 2.4116e-08
6.0165e-07 2.1437e-08
6.0165e-07 1.8757e-08
6.0165e-07 1.6078e-08
6.0165e-07 1.3398e-08
6.0165e-07 1.0718e-08
6.0165e-07 8.0388e-09
5.9061e-07 1.0000e-09
5.8660e-07 1.0000e-09
5.8259e-07 1.0000e-09
5.7858e-07 1.0000e-09
5.7457e-07 1.0000e-09
5.7055e-07 1.0000e-09
5.6654e-07 1.0000e-09
5.6253e-07 1.0000e-09
5.5852e-07 1.0000e-09
5.5451e-07 1.0000e-09
5.5050e-07 1.0000e-09
5.4648e-07 1.0000e-09
5.4247e-07 1.0000e-09
5.3846e-07 1.0000e-09
5.3445e-07 1.0000e-09
5.3044e-07 1.0000e-09
5.2642e-07 1.0000e-09
5.2241e-07 1.0000e-09
5.1840e-07 1.0000e-09
5.0737e-07 5.1196e-09
5.0737e-07 6.8262e-09
5.0737e-07 8.5327e-09
5.0737e-07 1.0239e-08
5.0737e-07 1.1946e-08
5.0737e-07 1.3652e-08
5.0737e-07 1.5359e-08
5.0737e-07 1.7065e-08
5.0737e-07 1.8772e-08
5.0737e-07 2.0478e-08
