1.7134e-06 2.4926e-08
1.7155e-06 2.4524e-08
1.7175e-06 2.4128e-08
1.7195e-06 2.3731e-08
1.7216e-06 2.3315e-08
1.7239e-06 2.2985e-08
1.7261e-06 2.2915e-08
1.7280e-06 2.2798e-08
1.7299e-06 2.2643e-08
1.7321e-06 2.2476e-08
1.7345e-06 2.2499e-08
1.7367e-06 2.2758e-08
1.7386e-06 2.2931e-08
1.7406e-06 2.3089e-08
1.7428e-06 2.3266e-08
1.7451e-06 2.3652e-08
1.7472e-06 2.4153e-08
1.7491e-06 2.4565e-08
1.7511e-06 2.4981e-08
1.7531e-06 2.5393e-08
1.7551e-06 2.5775e-08
1.7570e-06 2.6142e-08
1.7590e-06 2.6463e-08
1.7610e-06 2.6792e-08
1.7629e-06 2.7113e-08
1.7649e-06 2.7381e-08
1.7669e-06 2.7642e-08
1.7689e-06 2.7904e-08
1.7709e-06 2.8165e-08
1.7728e-06 2.8417e-08
1.7747e-06 2.8581e-08
1.7767e-06 2.8751e-08
1.7787e-06 2.8934e-08
1.7807e-06 2.9115e-08
1.7826e-06 2.9284e-08
1.7846e-06 2.9377e-08
1.7867e-06 2.9513e-08
1.7887e-06 2.9699e-08
1.7907e-06 2.9879e-08
1.7926e-06 3.0023e-08
1.7945e-06 3.0053e-08
1.7966e-06 3.0140e-08
1.7987e-06 3.0274e-08
1.8006e-06 3.0403e-08
1.8026e-06 3.0511e-08
1.8044e-06 2.9021e-08
1.8044e-06 2.7086e-08
1.8044e-06 2.5152e-08
1.8044e-06 2.3217e-08
1.8044e-06 2.1282e-08
1.8044e-06 1.9347e-08
1.8044e-06 1.7413e-08
1.8044e-06 1.5478e-08
1.8044e-06 1.3543e-08
1.8044e-06 1.1608e-08
1.8044e-06 9.6737e-09
1.8044e-06 7.7390e-09
1.8044e-06 5.8042e-09
1.8024e-06 4.0078e-09
1.8004e-06 4.0078e-09
1.7984e-06 4.0078e-09
1.7964e-06 4.0078e-09
1.7944e-06 4.0078e-09
1.7924e-06 4.0078e-09
1.7904e-06 4.0078e-09
1.7884e-06 4.0078e-09
1.7864e-06 4.0078e-09
1.7844e-06 4.0078e-09
1.7824e-06 4.0078e-09
1.7804e-06 4.0078e-09
1.7784e-06 4.0078e-09
1.7763e-06 4.0078e-09
1.7743e-06 4.0078e-09
1.7723e-06 4.0078e-09
1.7703e-06 4.0078e-09
1.7683e-06 4.0078e-09
1.7663e-06 4.0078e-09
1.7643e-06 4.0078e-09
1.7623e-06 4.0078e-09
1.7603e-06 4.0078e-09
1.7583e-06 4.0078e-09
1.7563e-06 4.0078e-09
1.7543e-06 4.0078e-09
1.7523e-06 4.0078e-09
1.7503e-06 4.0078e-09
1.7483e-06 4.0078e-09
1.7463e-06 4.0078e-09
1.7443e-06 4.0078e-09
1.7423e-06 4.0078e-09
1.7403e-06 4.0078e-09
1.7383e-06 4.0078e-09
1.7363e-06 4.0078e-09
1.7343e-06 4.0078e-09
1.7323e-06 4.0078e-09
1.7303e-06 4.0078e-09
1.7283e-06 4.0078e-09
1.7263e-06 4.0078e-09
1.7242e-06 4.0078e-09
1.7222e-06 4.0078e-09
1.7202e-06 4.0078e-09
1.7182e-06 4.0078e-09
1.7162e-06 4.0078e-09
1.7142e-06 4.0078e-09
1.7122e-06 5.6493e-09
1.7122e-06 7.5324e-09
1.7122e-06 9.4155e-09
1.7122e-06 1.1299e-08
1.7122e-06 1.3182e-08
1.7122e-06 1.5065e-08
1.7122e-06 1.6948e-08
1.7122e-06 1.8831e-08
1.7122e-06 2.0714e-08
1.7122e-06 2.2597e-08
1.7122e-06 2.4480e-08
