1.2131e-06 3.6992e-08
1.2150e-06 3.6914e-08
1.2168e-06 3.6724e-08
1.2189e-06 3.6473e-08
1.2210e-06 3.6347e-08
1.2230e-06 3.6230e-08
1.2249e-06 3.6121e-08
1.2268e-06 3.5905e-08
1.2289e-06 3.5665e-08
1.2311e-06 3.5543e-08
1.2331e-06 3.5428e-08
1.2350e-06 3.5318e-08
1.2370e-06 3.5142e-08
1.2390e-06 3.4972e-08
1.2411e-06 3.4851e-08
1.2431e-06 3.4734e-08
1.2450e-06 3.4615e-08
1.2470e-06 3.4471e-08
1.2490e-06 3.4307e-08
1.2509e-06 3.4113e-08
1.2529e-06 3.3917e-08
1.2550e-06 3.3722e-08
1.2569e-06 3.3548e-08
1.2587e-06 3.3301e-08
1.2607e-06 3.2977e-08
1.2627e-06 3.2639e-08
1.2648e-06 3.2317e-08
1.2667e-06 3.2045e-08
1.2686e-06 3.1706e-08
1.2706e-06 3.1317e-08
1.2726e-06 3.0920e-08
1.2746e-06 3.0535e-08
1.2766e-06 3.0190e-08
1.2784e-06 2.9748e-08
1.2804e-06 2.9257e-08
1.2824e-06 2.8763e-08
1.2844e-06 2.8258e-08
1.2864e-06 2.7749e-08
1.2883e-06 2.7208e-08
1.2903e-06 2.6657e-08
1.2923e-06 2.6107e-08
1.2943e-06 2.5551e-08
1.2963e-06 2.4994e-08
1.2983e-06 2.4421e-08
1.3003e-06 2.3845e-08
1.3034e-06 2.0019e-08
1.3034e-06 1.8017e-08
1.3034e-06 1.6015e-08
1.3034e-06 1.4013e-08
1.3034e-06 1.2011e-08
1.3034e-06 1.0009e-08
1.3034e-06 8.0074e-09
1.3034e-06 6.0056e-09
1.3014e-06 4.0078e-09
1.2994e-06 4.0078e-09
1.2974e-06 4.0078e-09
1.2954e-06 4.0078e-09
1.2934e-06 4.0078e-09
1.2914e-06 4.0078e-09
1.2894e-06 4.0078e-09
1.2874e-06 4.0078e-09
1.2854e-06 4.0078e-09
1.2834e-06 4.0078e-09
1.2814e-06 4.0078e-09
1.2794e-06 4.0078e-09
1.2774e-06 4.0078e-09
1.2754e-06 4.0078e-09
1.2734e-06 4.0078e-09
1.2714e-06 4.0078e-09
1.2694e-06 4.0078e-09
1.2674e-06 4.0078e-09
1.2653e-06 4.0078e-09
1.2633e-06 4.0078e-09
1.2613e-06 4.0078e-09
1.2593e-06 4.0078e-09
1.2573e-06 4.0078e-09
1.2553e-06 4.0078e-09
1.2533e-06 4.0078e-09
1.2513e-06 4.0078e-09
1.2493e-06 4.0078e-09
1.2473e-06 4.0078e-09
1.2453e-06 4.0078e-09
1.2433e-06 4.0078e-09
1.2413e-06 4.0078e-09
1.2393e-06 4.0078e-09
1.2373e-06 4.0078e-09
1.2353e-06 4.0078e-09
1.2333e-06 4.0078e-09
1.2313e-06 4.0078e-09
1.2293e-06 4.0078e-09
1.2273e-06 4.0078e-09
1.2253e-06 4.0078e-09
1.2233e-06 4.0078e-09
1.2213e-06 4.0078e-09
1.2193e-06 4.0078e-09
1.2173e-06 4.0078e-09
1.2153e-06 4.0078e-09
1.2132e-06 4.0078e-09
1.2112e-06 5.9062e-09
1.2112e-06 7.8749e-09
1.2112e-06 9.8437e-09
1.2112e-06 1.1812e-08
1.2112e-06 1.3781e-08
1.2112e-06 1.5750e-08
1.2112e-06 1.7719e-08
1.2112e-06 1.9687e-08
1.2112e-06 2.1656e-08
1.2112e-06 2.3625e-08
1.2112e-06 2.5594e-08
1.2112e-06 2.7562e-08
1.2112e-06 2.9531e-08
1.2112e-06 3.1500e-08
1.2112e-06 3.3468e-08
1.2112e-06 3.5437e-08
