4.1801e-07 3.3532e-08
4.2201e-07 3.3105e-08
4.2602e-07 3.2681e-08
4.3003e-07 3.2267e-08
4.3403e-07 3.1838e-08
4.3804e-07 3.1269e-08
4.4206e-07 3.0842e-08
4.4606e-07 3.0323e-08
4.5008e-07 2.9796e-08
4.5407e-07 2.9327e-08
4.5807e-07 2.8636e-08
4.6208e-07 2.8111e-08
4.6606e-07 2.7394e-08
4.7006e-07 2.6608e-08
4.7405e-07 2.5808e-08
4.7803e-07 2.4778e-08
4.8208e-07 2.3710e-08
4.8615e-07 2.2977e-08
4.9023e-07 2.2439e-08
5.0135e-07 1.9641e-08
5.0135e-07 1.8005e-08
5.0135e-07 1.6368e-08
5.0135e-07 1.4731e-08
5.0135e-07 1.3094e-08
5.0135e-07 1.1457e-08
5.0135e-07 9.8207e-09
5.0135e-07 8.1839e-09
5.0135e-07 6.5471e-09
5.0135e-07 4.9103e-09
4.9032e-07 1.0000e-09
4.8631e-07 1.0000e-09
4.8229e-07 1.0000e-09
4.7828e-07 1.0000e-09
4.7427e-07 1.0000e-09
4.7026e-07 1.0000e-09
4.6625e-07 1.0000e-09
4.6223e-07 1.0000e-09
4.5822e-07 1.0000e-09
4.5421e-07 1.0000e-09
4.5020e-07 1.0000e-09
4.4619e-07 1.0000e-09
4.4218e-07 1.0000e-09
4.3816e-07 1.0000e-09
4.3415e-07 1.0000e-09
4.3014e-07 1.0000e-09
4.2613e-07 1.0000e-09
4.2212e-07 1.0000e-09
4.1810e-07 1.0000e-09
4.0707e-07 7.1024e-09
4.0707e-07 9.4698e-09
4.0707e-07 1.1837e-08
4.0707e-07 1.4205e-08
4.0707e-07 1.6572e-08
4.0707e-07 1.8940e-08
4.0707e-07 2.1307e-08
4.0707e-07 2.3675e-08
4.0707e-07 2.6042e-08
4.0707e-07 2.8409e-08
