1.6828e-08 2.6513e-08
2.0828e-08 2.6118e-08
2.4844e-08 2.5691e-08
2.8872e-08 2.5325e-08
3.2887e-08 2.5029e-08
3.6904e-08 2.4687e-08
4.0924e-08 2.4438e-08
4.4926e-08 2.4157e-08
4.8949e-08 2.3829e-08
5.2957e-08 2.3636e-08
5.6944e-08 2.3281e-08
6.0959e-08 2.2891e-08
6.4961e-08 2.2555e-08
6.8938e-08 2.2095e-08
7.3000e-08 2.1461e-08
7.7025e-08 2.1411e-08
8.1044e-08 2.0889e-08
8.5121e-08 2.0895e-08
8.9114e-08 2.0892e-08
9.3194e-08 2.0753e-08
9.7251e-08 2.1301e-08
1.0125e-07 2.1522e-08
1.0531e-07 2.1992e-08
1.0933e-07 2.2555e-08
1.1334e-07 2.3103e-08
1.1736e-07 2.3668e-08
1.2135e-07 2.4290e-08
1.2535e-07 2.4701e-08
1.2936e-07 2.5188e-08
1.3334e-07 2.5571e-08
1.3733e-07 2.5778e-08
1.4131e-07 2.5999e-08
1.4530e-07 2.5959e-08
1.4931e-07 2.6021e-08
1.5329e-07 2.5967e-08
1.5728e-07 2.5770e-08
1.6127e-07 2.5553e-08
1.6526e-07 2.5184e-08
1.6927e-07 2.4811e-08
1.7327e-07 2.4397e-08
1.7728e-07 2.3957e-08
1.8130e-07 2.3523e-08
1.8531e-07 2.3106e-08
1.8933e-07 2.2666e-08
1.9335e-07 2.2281e-08
1.9736e-07 2.1912e-08
2.0138e-07 2.1541e-08
2.0540e-07 2.1220e-08
2.0942e-07 2.0952e-08
2.1344e-07 2.0638e-08
2.1746e-07 2.0469e-08
2.2146e-07 2.0259e-08
2.2547e-07 1.9996e-08
2.2947e-07 1.9732e-08
2.3351e-07 1.9413e-08
2.3754e-07 1.9318e-08
2.4153e-07 1.9129e-08
2.4554e-07 1.8919e-08
2.4955e-07 1.8703e-08
2.5358e-07 1.8437e-08
2.5760e-07 1.8379e-08
2.6162e-07 1.8202e-08
2.6565e-07 1.8181e-08
2.6965e-07 1.8135e-08
2.7367e-07 1.8054e-08
2.7769e-07 1.8103e-08
2.8169e-07 1.8066e-08
2.8570e-07 1.8013e-08
2.8972e-07 1.8001e-08
2.9372e-07 1.7954e-08
2.9781e-07 1.7837e-08
3.0186e-07 1.8493e-08
3.0587e-07 1.8645e-08
3.0997e-07 1.9299e-08
3.1400e-07 2.0148e-08
3.1802e-07 2.0937e-08
3.2204e-07 2.1921e-08
3.2605e-07 2.2781e-08
3.3006e-07 2.3692e-08
3.3407e-07 2.4591e-08
3.3809e-07 2.5493e-08
3.4212e-07 2.6451e-08
3.4611e-07 2.7446e-08
3.5014e-07 2.8288e-08
3.5417e-07 2.9383e-08
3.5815e-07 3.0367e-08
3.6215e-07 3.1219e-08
3.6613e-07 3.2113e-08
3.7012e-07 3.2710e-08
3.7413e-07 3.3407e-08
3.7810e-07 3.3950e-08
3.8208e-07 3.4302e-08
3.8607e-07 3.4622e-08
3.9006e-07 3.4782e-08
3.9405e-07 3.4917e-08
3.9802e-07 3.4946e-08
4.0200e-07 3.4751e-08
4.0600e-07 3.4514e-08
4.1000e-07 3.4233e-08
4.1401e-07 3.3868e-08
4.1801e-07 3.3532e-08
4.2201e-07 3.3105e-08
4.2602e-07 3.2681e-08
4.3003e-07 3.2267e-08
4.3403e-07 3.1838e-08
4.3804e-07 3.1269e-08
4.4206e-07 3.0842e-08
4.4606e-07 3.0323e-08
4.5008e-07 2.9796e-08
4.5407e-07 2.9327e-08
4.5807e-07 2.8636e-08
4.6208e-07 2.8111e-08
4.6606e-07 2.7394e-08
4.7006e-07 2.6608e-08
4.7405e-07 2.5808e-08
4.7803e-07 2.4778e-08
4.8208e-07 2.3710e-08
4.8615e-07 2.2977e-08
4.9023e-07 2.2439e-08
4.9440e-07 2.2288e-08
4.9850e-07 2.2977e-08
5.0255e-07 2.3572e-08
5.0660e-07 2.4626e-08
5.1060e-07 2.5511e-08
5.1463e-07 2.6488e-08
5.1863e-07 2.7484e-08
5.2265e-07 2.8415e-08
5.2669e-07 2.9493e-08
5.3069e-07 3.0619e-08
5.3469e-07 3.1598e-08
5.3870e-07 3.2607e-08
5.4269e-07 3.3620e-08
5.4669e-07 3.4388e-08
5.5069e-07 3.5346e-08
5.5467e-07 3.5961e-08
5.5869e-07 3.6653e-08
5.6267e-07 3.7313e-08
5.6664e-07 3.7731e-08
5.7065e-07 3.8096e-08
5.7464e-07 3.8460e-08
5.7864e-07 3.8692e-08
5.8264e-07 3.8949e-08
5.8662e-07 3.9099e-08
5.9063e-07 3.9128e-08
5.9463e-07 3.9262e-08
5.9863e-07 3.9192e-08
6.0265e-07 3.9194e-08
6.0665e-07 3.9172e-08
6.1066e-07 3.9109e-08
6.1468e-07 3.9085e-08
6.1868e-07 3.9089e-08
6.2270e-07 3.8984e-08
6.2672e-07 3.8983e-08
6.3070e-07 3.8943e-08
6.3470e-07 3.8701e-08
6.3870e-07 3.8604e-08
6.4268e-07 3.8226e-08
6.4669e-07 3.7924e-08
6.5067e-07 3.7519e-08
6.5467e-07 3.6956e-08
6.5867e-07 3.6462e-08
6.6265e-07 3.5759e-08
6.6665e-07 3.4997e-08
6.7065e-07 3.4191e-08
6.7465e-07 3.3313e-08
6.7865e-07 3.2421e-08
6.8263e-07 3.1433e-08
6.8663e-07 3.0307e-08
6.9063e-07 2.9184e-08
6.9463e-07 2.7931e-08
6.9867e-07 2.6697e-08
7.0270e-07 2.5737e-08
7.0676e-07 2.4633e-08
7.1085e-07 2.4126e-08
7.1489e-07 2.3627e-08
7.1899e-07 2.3361e-08
7.2307e-07 2.3635e-08
7.2710e-07 2.3854e-08
7.3114e-07 2.4313e-08
7.3516e-07 2.4774e-08
7.3918e-07 2.5279e-08
7.4320e-07 2.5838e-08
7.4722e-07 2.6398e-08
7.5123e-07 2.7019e-08
7.5524e-07 2.7580e-08
7.5924e-07 2.8123e-08
7.6325e-07 2.8629e-08
7.6725e-07 2.9121e-08
7.7125e-07 2.9552e-08
7.7524e-07 2.9913e-08
7.7923e-07 3.0229e-08
7.8322e-07 3.0411e-08
7.8721e-07 3.0539e-08
7.9120e-07 3.0539e-08
7.9520e-07 3.0503e-08
7.9918e-07 3.0361e-08
8.0317e-07 3.0096e-08
8.0716e-07 2.9763e-08
8.1117e-07 2.9365e-08
8.1517e-07 2.8997e-08
8.1917e-07 2.8506e-08
8.2317e-07 2.8039e-08
8.2717e-07 2.7466e-08
8.3119e-07 2.6912e-08
8.3521e-07 2.6404e-08
8.3923e-07 2.5875e-08
8.4324e-07 2.5448e-08
8.4726e-07 2.4910e-08
8.5129e-07 2.4501e-08
8.5531e-07 2.4105e-08
8.5936e-07 2.3764e-08
8.6340e-07 2.3672e-08
8.6749e-07 2.3639e-08
8.7157e-07 2.4136e-08
8.7562e-07 2.4704e-08
8.7968e-07 2.5520e-08
8.8371e-07 2.6477e-08
8.8772e-07 2.7434e-08
8.9172e-07 2.8384e-08
8.9570e-07 2.9199e-08
8.9969e-07 2.9860e-08
9.0367e-07 3.0496e-08
9.0767e-07 3.0935e-08
9.1169e-07 3.1458e-08
9.1570e-07 3.1979e-08
9.1970e-07 3.2445e-08
9.2371e-07 3.2899e-08
9.2772e-07 3.3345e-08
9.3173e-07 3.3768e-08
9.3575e-07 3.4245e-08
9.3976e-07 3.4708e-08
9.4377e-07 3.5168e-08
9.4778e-07 3.5611e-08
9.5178e-07 3.6037e-08
9.5577e-07 3.6371e-08
9.5977e-07 3.6661e-08
9.6376e-07 3.6880e-08
9.6777e-07 3.7029e-08
9.7175e-07 3.7185e-08
9.7574e-07 3.7117e-08
9.7974e-07 3.7081e-08
9.8372e-07 3.6928e-08
9.8772e-07 3.6663e-08
9.9172e-07 3.6375e-08
9.9573e-07 3.6017e-08
9.9973e-07 3.5681e-08
1.0037e-06 3.5248e-08
1.0077e-06 3.4777e-08
1.0118e-06 3.4315e-08
1.0158e-06 3.3924e-08
1.0198e-06 3.3589e-08
1.0238e-06 3.3120e-08
1.0278e-06 3.2691e-08
1.0318e-06 3.2191e-08
1.0358e-06 3.1702e-08
1.0398e-06 3.1303e-08
1.0438e-06 3.0675e-08
1.0478e-06 3.0010e-08
1.0518e-06 2.9293e-08
1.0558e-06 2.8555e-08
1.0598e-06 2.7837e-08
1.0638e-06 2.7202e-08
1.0679e-06 2.6462e-08
1.0720e-06 2.6255e-08
1.0760e-06 2.5961e-08
1.0801e-06 2.5913e-08
1.0842e-06 2.6689e-08
1.0883e-06 2.7239e-08
1.0923e-06 2.8262e-08
1.0964e-06 2.9295e-08
1.1004e-06 3.0307e-08
1.1044e-06 3.1274e-08
1.1083e-06 3.2222e-08
1.1123e-06 3.2947e-08
1.1163e-06 3.3629e-08
1.1203e-06 3.4267e-08
1.1244e-06 3.4928e-08
1.1284e-06 3.5607e-08
1.1323e-06 3.6137e-08
1.1364e-06 3.6693e-08
1.1403e-06 3.7164e-08
1.1443e-06 3.7560e-08
1.1484e-06 3.7943e-08
1.1524e-06 3.8328e-08
1.1564e-06 3.8760e-08
1.1604e-06 3.9238e-08
1.1644e-06 3.9514e-08
1.1684e-06 3.9809e-08
1.1724e-06 4.0118e-08
1.1764e-06 4.0376e-08
1.1804e-06 4.0604e-08
1.1844e-06 4.0735e-08
1.1884e-06 4.0821e-08
1.1924e-06 4.0830e-08
1.1964e-06 4.0822e-08
1.2004e-06 4.0661e-08
1.2044e-06 4.0526e-08
1.2084e-06 4.0273e-08
1.2124e-06 4.0061e-08
1.2164e-06 3.9839e-08
1.2204e-06 3.9426e-08
1.2244e-06 3.9193e-08
1.2284e-06 3.8768e-08
1.2324e-06 3.8506e-08
1.2365e-06 3.8238e-08
1.2405e-06 3.7929e-08
1.2445e-06 3.7693e-08
1.2485e-06 3.7406e-08
1.2525e-06 3.7014e-08
1.2565e-06 3.6635e-08
1.2604e-06 3.6095e-08
1.2645e-06 3.5426e-08
1.2684e-06 3.4834e-08
1.2724e-06 3.4047e-08
1.2764e-06 3.3297e-08
1.2804e-06 3.2384e-08
1.2844e-06 3.1388e-08
1.2884e-06 3.0334e-08
1.2924e-06 2.9232e-08
1.2964e-06 2.8117e-08
1.3004e-06 2.6968e-08
1.3045e-06 2.5817e-08
1.3085e-06 2.4811e-08
1.3126e-06 2.3979e-08
1.3167e-06 2.3363e-08
1.3207e-06 2.3171e-08
1.3248e-06 2.3121e-08
1.3289e-06 2.3579e-08
1.3330e-06 2.4275e-08
1.3370e-06 2.5122e-08
1.3411e-06 2.6150e-08
1.3451e-06 2.7146e-08
1.3491e-06 2.8114e-08
1.3531e-06 2.9057e-08
1.3571e-06 2.9811e-08
1.3611e-06 3.0571e-08
1.3651e-06 3.1263e-08
1.3690e-06 3.1756e-08
1.3730e-06 3.2193e-08
1.3770e-06 3.2518e-08
1.3810e-06 3.2781e-08
1.3850e-06 3.2888e-08
1.3890e-06 3.3047e-08
1.3930e-06 3.3152e-08
1.3970e-06 3.3184e-08
1.4010e-06 3.3249e-08
1.4050e-06 3.3139e-08
1.4090e-06 3.3102e-08
1.4130e-06 3.3018e-08
1.4170e-06 3.2906e-08
1.4210e-06 3.2811e-08
1.4250e-06 3.2748e-08
1.4291e-06 3.2547e-08
1.4331e-06 3.2408e-08
1.4371e-06 3.2207e-08
1.4411e-06 3.1977e-08
1.4450e-06 3.1681e-08
1.4490e-06 3.1252e-08
1.4530e-06 3.0851e-08
1.4570e-06 3.0334e-08
1.4611e-06 2.9802e-08
1.4651e-06 2.9239e-08
1.4691e-06 2.8640e-08
1.4731e-06 2.8019e-08
1.4771e-06 2.7428e-08
1.4811e-06 2.6866e-08
1.4851e-06 2.6323e-08
1.4892e-06 2.5761e-08
1.4932e-06 2.5592e-08
1.4973e-06 2.5401e-08
1.5014e-06 2.5700e-08
1.5055e-06 2.6281e-08
1.5095e-06 2.6905e-08
1.5136e-06 2.7918e-08
1.5176e-06 2.8801e-08
1.5216e-06 2.9788e-08
1.5256e-06 3.0734e-08
1.5296e-06 3.1633e-08
1.5336e-06 3.2393e-08
1.5376e-06 3.3078e-08
1.5416e-06 3.3741e-08
1.5456e-06 3.4362e-08
1.5496e-06 3.4961e-08
1.5536e-06 3.5522e-08
1.5576e-06 3.6084e-08
1.5616e-06 3.6567e-08
1.5656e-06 3.6991e-08
1.5696e-06 3.7349e-08
1.5736e-06 3.7766e-08
1.5776e-06 3.8202e-08
1.5816e-06 3.8433e-08
1.5856e-06 3.8760e-08
1.5896e-06 3.8931e-08
1.5936e-06 3.9110e-08
1.5976e-06 3.9254e-08
1.6016e-06 3.9257e-08
1.6056e-06 3.9323e-08
1.6096e-06 3.9257e-08
1.6136e-06 3.9186e-08
1.6176e-06 3.9093e-08
1.6216e-06 3.8961e-08
1.6256e-06 3.8830e-08
1.6296e-06 3.8601e-08
1.6336e-06 3.8332e-08
1.6376e-06 3.8067e-08
1.6417e-06 3.7826e-08
1.6457e-06 3.7593e-08
1.6497e-06 3.7298e-08
1.6537e-06 3.7000e-08
1.6577e-06 3.6702e-08
1.6617e-06 3.6353e-08
1.6657e-06 3.5978e-08
1.6697e-06 3.5530e-08
1.6737e-06 3.5040e-08
1.6777e-06 3.4497e-08
1.6817e-06 3.3967e-08
1.6857e-06 3.3399e-08
1.6897e-06 3.2739e-08
1.6937e-06 3.2079e-08
1.6977e-06 3.1360e-08
1.7017e-06 3.0573e-08
1.7057e-06 2.9712e-08
1.7097e-06 2.8818e-08
1.7137e-06 2.7960e-08
1.7178e-06 2.7165e-08
1.7218e-06 2.6363e-08
1.7259e-06 2.5960e-08
1.7299e-06 2.5692e-08
1.7340e-06 2.5495e-08
1.7381e-06 2.5937e-08
1.7422e-06 2.6261e-08
1.7462e-06 2.7048e-08
1.7502e-06 2.7901e-08
1.7542e-06 2.8711e-08
1.7582e-06 2.9421e-08
1.7622e-06 3.0077e-08
1.7662e-06 3.0623e-08
1.7702e-06 3.1145e-08
1.7742e-06 3.1589e-08
1.7782e-06 3.1938e-08
1.7822e-06 3.2301e-08
1.7862e-06 3.2521e-08
1.7902e-06 3.2885e-08
1.7942e-06 3.3086e-08
1.7982e-06 3.3290e-08
1.8022e-06 3.3539e-08
1.8063e-06 3.3708e-08
1.8103e-06 3.3978e-08
1.8143e-06 3.4200e-08
1.8183e-06 3.4428e-08
1.8223e-06 3.4636e-08
1.8263e-06 3.4755e-08
1.8303e-06 3.4858e-08
1.8343e-06 3.4990e-08
1.8383e-06 3.4999e-08
1.8423e-06 3.4977e-08
1.8463e-06 3.4911e-08
1.8503e-06 3.4846e-08
1.8543e-06 3.4748e-08
1.8583e-06 3.4588e-08
1.8623e-06 3.4412e-08
1.8663e-06 3.4172e-08
1.8703e-06 3.3905e-08
1.8744e-06 3.3634e-08
1.8784e-06 3.3442e-08
1.8824e-06 3.3165e-08
1.8864e-06 3.2891e-08
1.8904e-06 3.2604e-08
1.8944e-06 3.2242e-08
1.8984e-06 3.1923e-08
1.9024e-06 3.1526e-08
1.9064e-06 3.1075e-08
1.9104e-06 3.0609e-08
1.9144e-06 3.0101e-08
1.9184e-06 2.9577e-08
1.9224e-06 2.8991e-08
1.9264e-06 2.8273e-08
1.9304e-06 2.7571e-08
1.9344e-06 2.6805e-08
1.9384e-06 2.5987e-08
1.9424e-06 2.5102e-08
1.9464e-06 2.4244e-08
1.9504e-06 2.3411e-08
1.9545e-06 2.2645e-08
1.9585e-06 2.1913e-08
1.9626e-06 2.1374e-08
1.9666e-06 2.0994e-08
1.9706e-06 2.0732e-08
1.9747e-06 2.0637e-08
1.9788e-06 2.0694e-08
1.9828e-06 2.1028e-08
1.9868e-06 2.1325e-08
1.9909e-06 2.1875e-08
1.9949e-06 2.2304e-08
2.0058e-06 1.9816e-08
2.0058e-06 1.8165e-08
2.0058e-06 1.6514e-08
2.0058e-06 1.4862e-08
2.0058e-06 1.3211e-08
2.0058e-06 1.1560e-08
2.0058e-06 9.9082e-09
2.0058e-06 8.2568e-09
2.0058e-06 6.6055e-09
2.0058e-06 4.9541e-09
1.9948e-06 1.0000e-09
1.9908e-06 1.0000e-09
1.9867e-06 1.0000e-09
1.9827e-06 1.0000e-09
1.9787e-06 1.0000e-09
1.9747e-06 1.0000e-09
1.9707e-06 1.0000e-09
1.9667e-06 1.0000e-09
1.9627e-06 1.0000e-09
1.9587e-06 1.0000e-09
1.9546e-06 1.0000e-09
1.9506e-06 1.0000e-09
1.9466e-06 1.0000e-09
1.9426e-06 1.0000e-09
1.9386e-06 1.0000e-09
1.9346e-06 1.0000e-09
1.9306e-06 1.0000e-09
1.9266e-06 1.0000e-09
1.9226e-06 1.0000e-09
1.9185e-06 1.0000e-09
1.9145e-06 1.0000e-09
1.9105e-06 1.0000e-09
1.9065e-06 1.0000e-09
1.9025e-06 1.0000e-09
1.8985e-06 1.0000e-09
1.8945e-06 1.0000e-09
1.8905e-06 1.0000e-09
1.8864e-06 1.0000e-09
1.8824e-06 1.0000e-09
1.8784e-06 1.0000e-09
1.8744e-06 1.0000e-09
1.8704e-06 1.0000e-09
1.8664e-06 1.0000e-09
1.8624e-06 1.0000e-09
1.8584e-06 1.0000e-09
1.8543e-06 1.0000e-09
1.8503e-06 1.0000e-09
1.8463e-06 1.0000e-09
1.8423e-06 1.0000e-09
1.8383e-06 1.0000e-09
1.8343e-06 1.0000e-09
1.8303e-06 1.0000e-09
1.8263e-06 1.0000e-09
1.8223e-06 1.0000e-09
1.8182e-06 1.0000e-09
1.8142e-06 1.0000e-09
1.8102e-06 1.0000e-09
1.8062e-06 1.0000e-09
1.8022e-06 1.0000e-09
1.7982e-06 1.0000e-09
1.7942e-06 1.0000e-09
1.7902e-06 1.0000e-09
1.7861e-06 1.0000e-09
1.7821e-06 1.0000e-09
1.7781e-06 1.0000e-09
1.7741e-06 1.0000e-09
1.7701e-06 1.0000e-09
1.7661e-06 1.0000e-09
1.7621e-06 1.0000e-09
1.7581e-06 1.0000e-09
1.7541e-06 1.0000e-09
1.7500e-06 1.0000e-09
1.7460e-06 1.0000e-09
1.7420e-06 1.0000e-09
1.7380e-06 1.0000e-09
1.7340e-06 1.0000e-09
1.7300e-06 1.0000e-09
1.7260e-06 1.0000e-09
1.7220e-06 1.0000e-09
1.7179e-06 1.0000e-09
1.7139e-06 1.0000e-09
1.7099e-06 1.0000e-09
1.7059e-06 1.0000e-09
1.7019e-06 1.0000e-09
1.6979e-06 1.0000e-09
1.6939e-06 1.0000e-09
1.6899e-06 1.0000e-09
1.6859e-06 1.0000e-09
1.6818e-06 1.0000e-09
1.6778e-06 1.0000e-09
1.6738e-06 1.0000e-09
1.6698e-06 1.0000e-09
1.6658e-06 1.0000e-09
1.6618e-06 1.0000e-09
1.6578e-06 1.0000e-09
1.6538e-06 1.0000e-09
1.6497e-06 1.0000e-09
1.6457e-06 1.0000e-09
1.6417e-06 1.0000e-09
1.6377e-06 1.0000e-09
1.6337e-06 1.0000e-09
1.6297e-06 1.0000e-09
1.6257e-06 1.0000e-09
1.6217e-06 1.0000e-09
1.6176e-06 1.0000e-09
1.6136e-06 1.0000e-09
1.6096e-06 1.0000e-09
1.6056e-06 1.0000e-09
1.6016e-06 1.0000e-09
1.5976e-06 1.0000e-09
1.5936e-06 1.0000e-09
1.5896e-06 1.0000e-09
1.5856e-06 1.0000e-09
1.5815e-06 1.0000e-09
1.5775e-06 1.0000e-09
1.5735e-06 1.0000e-09
1.5695e-06 1.0000e-09
1.5655e-06 1.0000e-09
1.5615e-06 1.0000e-09
1.5575e-06 1.0000e-09
1.5535e-06 1.0000e-09
1.5494e-06 1.0000e-09
1.5454e-06 1.0000e-09
1.5414e-06 1.0000e-09
1.5374e-06 1.0000e-09
1.5334e-06 1.0000e-09
1.5294e-06 1.0000e-09
1.5254e-06 1.0000e-09
1.5214e-06 1.0000e-09
1.5174e-06 1.0000e-09
1.5133e-06 1.0000e-09
1.5093e-06 1.0000e-09
1.5053e-06 1.0000e-09
1.5013e-06 1.0000e-09
1.4973e-06 1.0000e-09
1.4933e-06 1.0000e-09
1.4893e-06 1.0000e-09
1.4853e-06 1.0000e-09
1.4812e-06 1.0000e-09
1.4772e-06 1.0000e-09
1.4732e-06 1.0000e-09
1.4692e-06 1.0000e-09
1.4652e-06 1.0000e-09
1.4612e-06 1.0000e-09
1.4572e-06 1.0000e-09
1.4532e-06 1.0000e-09
1.4492e-06 1.0000e-09
1.4451e-06 1.0000e-09
1.4411e-06 1.0000e-09
1.4371e-06 1.0000e-09
1.4331e-06 1.0000e-09
1.4291e-06 1.0000e-09
1.4251e-06 1.0000e-09
1.4211e-06 1.0000e-09
1.4171e-06 1.0000e-09
1.4130e-06 1.0000e-09
1.4090e-06 1.0000e-09
1.4050e-06 1.0000e-09
1.4010e-06 1.0000e-09
1.3970e-06 1.0000e-09
1.3930e-06 1.0000e-09
1.3890e-06 1.0000e-09
1.3850e-06 1.0000e-09
1.3810e-06 1.0000e-09
1.3769e-06 1.0000e-09
1.3729e-06 1.0000e-09
1.3689e-06 1.0000e-09
1.3649e-06 1.0000e-09
1.3609e-06 1.0000e-09
1.3569e-06 1.0000e-09
1.3529e-06 1.0000e-09
1.3489e-06 1.0000e-09
1.3448e-06 1.0000e-09
1.3408e-06 1.0000e-09
1.3368e-06 1.0000e-09
1.3328e-06 1.0000e-09
1.3288e-06 1.0000e-09
1.3248e-06 1.0000e-09
1.3208e-06 1.0000e-09
1.3168e-06 1.0000e-09
1.3127e-06 1.0000e-09
1.3087e-06 1.0000e-09
1.3047e-06 1.0000e-09
1.3007e-06 1.0000e-09
1.2967e-06 1.0000e-09
1.2927e-06 1.0000e-09
1.2887e-06 1.0000e-09
1.2847e-06 1.0000e-09
1.2807e-06 1.0000e-09
1.2766e-06 1.0000e-09
1.2726e-06 1.0000e-09
1.2686e-06 1.0000e-09
1.2646e-06 1.0000e-09
1.2606e-06 1.0000e-09
1.2566e-06 1.0000e-09
1.2526e-06 1.0000e-09
1.2486e-06 1.0000e-09
1.2445e-06 1.0000e-09
1.2405e-06 1.0000e-09
1.2365e-06 1.0000e-09
1.2325e-06 1.0000e-09
1.2285e-06 1.0000e-09
1.2245e-06 1.0000e-09
1.2205e-06 1.0000e-09
1.2165e-06 1.0000e-09
1.2125e-06 1.0000e-09
1.2084e-06 1.0000e-09
1.2044e-06 1.0000e-09
1.2004e-06 1.0000e-09
1.1964e-06 1.0000e-09
1.1924e-06 1.0000e-09
1.1884e-06 1.0000e-09
1.1844e-06 1.0000e-09
1.1804e-06 1.0000e-09
1.1763e-06 1.0000e-09
1.1723e-06 1.0000e-09
1.1683e-06 1.0000e-09
1.1643e-06 1.0000e-09
1.1603e-06 1.0000e-09
1.1563e-06 1.0000e-09
1.1523e-06 1.0000e-09
1.1483e-06 1.0000e-09
1.1443e-06 1.0000e-09
1.1402e-06 1.0000e-09
1.1362e-06 1.0000e-09
1.1322e-06 1.0000e-09
1.1282e-06 1.0000e-09
1.1242e-06 1.0000e-09
1.1202e-06 1.0000e-09
1.1162e-06 1.0000e-09
1.1122e-06 1.0000e-09
1.1081e-06 1.0000e-09
1.1041e-06 1.0000e-09
1.1001e-06 1.0000e-09
1.0961e-06 1.0000e-09
1.0921e-06 1.0000e-09
1.0881e-06 1.0000e-09
1.0841e-06 1.0000e-09
1.0801e-06 1.0000e-09
1.0760e-06 1.0000e-09
1.0720e-06 1.0000e-09
1.0680e-06 1.0000e-09
1.0640e-06 1.0000e-09
1.0600e-06 1.0000e-09
1.0560e-06 1.0000e-09
1.0520e-06 1.0000e-09
1.0480e-06 1.0000e-09
1.0440e-06 1.0000e-09
1.0399e-06 1.0000e-09
1.0359e-06 1.0000e-09
1.0319e-06 1.0000e-09
1.0279e-06 1.0000e-09
1.0239e-06 1.0000e-09
1.0199e-06 1.0000e-09
1.0159e-06 1.0000e-09
1.0119e-06 1.0000e-09
1.0078e-06 1.0000e-09
1.0038e-06 1.0000e-09
9.9982e-07 1.0000e-09
9.9581e-07 1.0000e-09
9.9180e-07 1.0000e-09
9.8779e-07 1.0000e-09
9.8378e-07 1.0000e-09
9.7976e-07 1.0000e-09
9.7575e-07 1.0000e-09
9.7174e-07 1.0000e-09
9.6773e-07 1.0000e-09
9.6372e-07 1.0000e-09
9.5971e-07 1.0000e-09
9.5569e-07 1.0000e-09
9.5168e-07 1.0000e-09
9.4767e-07 1.0000e-09
9.4366e-07 1.0000e-09
9.3965e-07 1.0000e-09
9.3563e-07 1.0000e-09
9.3162e-07 1.0000e-09
9.2761e-07 1.0000e-09
9.2360e-07 1.0000e-09
9.1959e-07 1.0000e-09
9.1557e-07 1.0000e-09
9.1156e-07 1.0000e-09
9.0755e-07 1.0000e-09
9.0354e-07 1.0000e-09
8.9953e-07 1.0000e-09
8.9552e-07 1.0000e-09
8.9150e-07 1.0000e-09
8.8749e-07 1.0000e-09
8.8348e-07 1.0000e-09
8.7947e-07 1.0000e-09
8.7546e-07 1.0000e-09
8.7144e-07 1.0000e-09
8.6743e-07 1.0000e-09
8.6342e-07 1.0000e-09
8.5941e-07 1.0000e-09
8.5540e-07 1.0000e-09
8.5138e-07 1.0000e-09
8.4737e-07 1.0000e-09
8.4336e-07 1.0000e-09
8.3935e-07 1.0000e-09
8.3534e-07 1.0000e-09
8.3133e-07 1.0000e-09
8.2731e-07 1.0000e-09
8.2330e-07 1.0000e-09
8.1929e-07 1.0000e-09
8.1528e-07 1.0000e-09
8.1127e-07 1.0000e-09
8.0725e-07 1.0000e-09
8.0324e-07 1.0000e-09
7.9923e-07 1.0000e-09
7.9522e-07 1.0000e-09
7.9121e-07 1.0000e-09
7.8720e-07 1.0000e-09
7.8318e-07 1.0000e-09
7.7917e-07 1.0000e-09
7.7516e-07 1.0000e-09
7.7115e-07 1.0000e-09
7.6714e-07 1.0000e-09
7.6312e-07 1.0000e-09
7.5911e-07 1.0000e-09
7.5510e-07 1.0000e-09
7.5109e-07 1.0000e-09
7.4708e-07 1.0000e-09
7.4306e-07 1.0000e-09
7.3905e-07 1.0000e-09
7.3504e-07 1.0000e-09
7.3103e-07 1.0000e-09
7.2702e-07 1.0000e-09
7.2301e-07 1.0000e-09
7.1899e-07 1.0000e-09
7.1498e-07 1.0000e-09
7.1097e-07 1.0000e-09
7.0696e-07 1.0000e-09
7.0295e-07 1.0000e-09
6.9893e-07 1.0000e-09
6.9492e-07 1.0000e-09
6.9091e-07 1.0000e-09
6.8690e-07 1.0000e-09
6.8289e-07 1.0000e-09
6.7887e-07 1.0000e-09
6.7486e-07 1.0000e-09
6.7085e-07 1.0000e-09
6.6684e-07 1.0000e-09
6.6283e-07 1.0000e-09
6.5882e-07 1.0000e-09
6.5480e-07 1.0000e-09
6.5079e-07 1.0000e-09
6.4678e-07 1.0000e-09
6.4277e-07 1.0000e-09
6.3876e-07 1.0000e-09
6.3474e-07 1.0000e-09
6.3073e-07 1.0000e-09
6.2672e-07 1.0000e-09
6.2271e-07 1.0000e-09
6.1870e-07 1.0000e-09
6.1469e-07 1.0000e-09
6.1067e-07 1.0000e-09
6.0666e-07 1.0000e-09
6.0265e-07 1.0000e-09
5.9864e-07 1.0000e-09
5.9463e-07 1.0000e-09
5.9061e-07 1.0000e-09
5.8660e-07 1.0000e-09
5.8259e-07 1.0000e-09
5.7858e-07 1.0000e-09
5.7457e-07 1.0000e-09
5.7055e-07 1.0000e-09
5.6654e-07 1.0000e-09
5.6253e-07 1.0000e-09
5.5852e-07 1.0000e-09
5.5451e-07 1.0000e-09
5.5050e-07 1.0000e-09
5.4648e-07 1.0000e-09
5.4247e-07 1.0000e-09
5.3846e-07 1.0000e-09
5.3445e-07 1.0000e-09
5.3044e-07 1.0000e-09
5.2642e-07 1.0000e-09
5.2241e-07 1.0000e-09
5.1840e-07 1.0000e-09
5.1439e-07 1.0000e-09
5.1038e-07 1.0000e-09
5.0637e-07 1.0000e-09
5.0235e-07 1.0000e-09
4.9834e-07 1.0000e-09
4.9433e-07 1.0000e-09
4.9032e-07 1.0000e-09
4.8631e-07 1.0000e-09
4.8229e-07 1.0000e-09
4.7828e-07 1.0000e-09
4.7427e-07 1.0000e-09
4.7026e-07 1.0000e-09
4.6625e-07 1.0000e-09
4.6223e-07 1.0000e-09
4.5822e-07 1.0000e-09
4.5421e-07 1.0000e-09
4.5020e-07 1.0000e-09
4.4619e-07 1.0000e-09
4.4218e-07 1.0000e-09
4.3816e-07 1.0000e-09
4.3415e-07 1.0000e-09
4.3014e-07 1.0000e-09
4.2613e-07 1.0000e-09
4.2212e-07 1.0000e-09
4.1810e-07 1.0000e-09
4.1409e-07 1.0000e-09
4.1008e-07 1.0000e-09
4.0607e-07 1.0000e-09
4.0206e-07 1.0000e-09
3.9804e-07 1.0000e-09
3.9403e-07 1.0000e-09
3.9002e-07 1.0000e-09
3.8601e-07 1.0000e-09
3.8200e-07 1.0000e-09
3.7799e-07 1.0000e-09
3.7397e-07 1.0000e-09
3.6996e-07 1.0000e-09
3.6595e-07 1.0000e-09
3.6194e-07 1.0000e-09
3.5793e-07 1.0000e-09
3.5391e-07 1.0000e-09
3.4990e-07 1.0000e-09
3.4589e-07 1.0000e-09
3.4188e-07 1.0000e-09
3.3787e-07 1.0000e-09
3.3386e-07 1.0000e-09
3.2984e-07 1.0000e-09
3.2583e-07 1.0000e-09
3.2182e-07 1.0000e-09
3.1781e-07 1.0000e-09
3.1380e-07 1.0000e-09
3.0978e-07 1.0000e-09
3.0577e-07 1.0000e-09
3.0176e-07 1.0000e-09
2.9775e-07 1.0000e-09
2.9374e-07 1.0000e-09
2.8972e-07 1.0000e-09
2.8571e-07 1.0000e-09
2.8170e-07 1.0000e-09
2.7769e-07 1.0000e-09
2.7368e-07 1.0000e-09
2.6967e-07 1.0000e-09
2.6565e-07 1.0000e-09
2.6164e-07 1.0000e-09
2.5763e-07 1.0000e-09
2.5362e-07 1.0000e-09
2.4961e-07 1.0000e-09
2.4559e-07 1.0000e-09
2.4158e-07 1.0000e-09
2.3757e-07 1.0000e-09
2.3356e-07 1.0000e-09
2.2955e-07 1.0000e-09
2.2553e-07 1.0000e-09
2.2152e-07 1.0000e-09
2.1751e-07 1.0000e-09
2.1350e-07 1.0000e-09
2.0949e-07 1.0000e-09
2.0548e-07 1.0000e-09
2.0146e-07 1.0000e-09
1.9745e-07 1.0000e-09
1.9344e-07 1.0000e-09
1.8943e-07 1.0000e-09
1.8542e-07 1.0000e-09
1.8140e-07 1.0000e-09
1.7739e-07 1.0000e-09
1.7338e-07 1.0000e-09
1.6937e-07 1.0000e-09
1.6536e-07 1.0000e-09
1.6135e-07 1.0000e-09
1.5733e-07 1.0000e-09
1.5332e-07 1.0000e-09
1.4931e-07 1.0000e-09
1.4530e-07 1.0000e-09
1.4129e-07 1.0000e-09
1.3727e-07 1.0000e-09
1.3326e-07 1.0000e-09
1.2925e-07 1.0000e-09
1.2524e-07 1.0000e-09
1.2123e-07 1.0000e-09
1.1721e-07 1.0000e-09
1.1320e-07 1.0000e-09
1.0919e-07 1.0000e-09
1.0518e-07 1.0000e-09
1.0117e-07 1.0000e-09
9.7156e-08 1.0000e-09
9.3144e-08 1.0000e-09
8.9132e-08 1.0000e-09
8.5120e-08 1.0000e-09
8.1108e-08 1.0000e-09
7.7096e-08 1.0000e-09
7.3084e-08 1.0000e-09
6.9073e-08 1.0000e-09
6.5061e-08 1.0000e-09
6.1049e-08 1.0000e-09
5.7037e-08 1.0000e-09
5.3025e-08 1.0000e-09
4.9013e-08 1.0000e-09
4.5001e-08 1.0000e-09
4.0990e-08 1.0000e-09
3.6978e-08 1.0000e-09
3.2966e-08 1.0000e-09
2.8954e-08 1.0000e-09
2.4942e-08 1.0000e-09
2.0930e-08 1.0000e-09
1.6918e-08 1.0000e-09
5.8828e-09 5.7020e-09
5.8828e-09 7.6027e-09
5.8828e-09 9.5034e-09
5.8828e-09 1.1404e-08
5.8828e-09 1.3305e-08
5.8828e-09 1.5205e-08
5.8828e-09 1.7106e-08
5.8828e-09 1.9007e-08
5.8828e-09 2.0907e-08
5.8828e-09 2.2808e-08
