1.3207e-06 2.3171e-08
1.3248e-06 2.3121e-08
1.3289e-06 2.3579e-08
1.3330e-06 2.4275e-08
1.3370e-06 2.5122e-08
1.3411e-06 2.6150e-08
1.3451e-06 2.7146e-08
1.3491e-06 2.8114e-08
1.3531e-06 2.9057e-08
1.3571e-06 2.9811e-08
1.3611e-06 3.0571e-08
1.3651e-06 3.1263e-08
1.3690e-06 3.1756e-08
1.3730e-06 3.2193e-08
1.3770e-06 3.2518e-08
1.3810e-06 3.2781e-08
1.3850e-06 3.2888e-08
1.3890e-06 3.3047e-08
1.3930e-06 3.3152e-08
1.4040e-06 2.7311e-08
1.4040e-06 2.5036e-08
1.4040e-06 2.2760e-08
1.4040e-06 2.0484e-08
1.4040e-06 1.8208e-08
1.4040e-06 1.5932e-08
1.4040e-06 1.3656e-08
1.4040e-06 1.1380e-08
1.4040e-06 9.1038e-09
1.4040e-06 6.8279e-09
1.3930e-06 1.0000e-09
1.3890e-06 1.0000e-09
1.3850e-06 1.0000e-09
1.3810e-06 1.0000e-09
1.3769e-06 1.0000e-09
1.3729e-06 1.0000e-09
1.3689e-06 1.0000e-09
1.3649e-06 1.0000e-09
1.3609e-06 1.0000e-09
1.3569e-06 1.0000e-09
1.3529e-06 1.0000e-09
1.3489e-06 1.0000e-09
1.3448e-06 1.0000e-09
1.3408e-06 1.0000e-09
1.3368e-06 1.0000e-09
1.3328e-06 1.0000e-09
1.3288e-06 1.0000e-09
1.3248e-06 1.0000e-09
1.3208e-06 1.0000e-09
1.3097e-06 5.1572e-09
1.3097e-06 6.8763e-09
1.3097e-06 8.5953e-09
1.3097e-06 1.0314e-08
1.3097e-06 1.2033e-08
1.3097e-06 1.3753e-08
1.3097e-06 1.5472e-08
1.3097e-06 1.7191e-08
1.3097e-06 1.8910e-08
1.3097e-06 2.0629e-08
