8.1917e-07 2.8506e-08
8.2317e-07 2.8039e-08
8.2717e-07 2.7466e-08
8.3119e-07 2.6912e-08
8.3521e-07 2.6404e-08
8.3923e-07 2.5875e-08
8.4324e-07 2.5448e-08
8.4726e-07 2.4910e-08
8.5129e-07 2.4501e-08
8.5531e-07 2.4105e-08
8.5936e-07 2.3764e-08
8.6340e-07 2.3672e-08
8.6749e-07 2.3639e-08
8.7157e-07 2.4136e-08
8.7562e-07 2.4704e-08
8.7968e-07 2.5520e-08
8.8371e-07 2.6477e-08
8.8772e-07 2.7434e-08
8.9172e-07 2.8384e-08
9.0254e-07 2.5189e-08
9.0254e-07 2.3090e-08
9.0254e-07 2.0991e-08
9.0254e-07 1.8892e-08
9.0254e-07 1.6793e-08
9.0254e-07 1.4694e-08
9.0254e-07 1.2595e-08
9.0254e-07 1.0496e-08
9.0254e-07 8.3965e-09
9.0254e-07 6.2974e-09
8.9150e-07 1.0000e-09
8.8749e-07 1.0000e-09
8.8348e-07 1.0000e-09
8.7947e-07 1.0000e-09
8.7546e-07 1.0000e-09
8.7144e-07 1.0000e-09
8.6743e-07 1.0000e-09
8.6342e-07 1.0000e-09
8.5941e-07 1.0000e-09
8.5540e-07 1.0000e-09
8.5138e-07 1.0000e-09
8.4737e-07 1.0000e-09
8.4336e-07 1.0000e-09
8.3935e-07 1.0000e-09
8.3534e-07 1.0000e-09
8.3133e-07 1.0000e-09
8.2731e-07 1.0000e-09
8.2330e-07 1.0000e-09
8.1929e-07 1.0000e-09
8.0825e-07 6.1518e-09
8.0825e-07 8.2024e-09
8.0825e-07 1.0253e-08
8.0825e-07 1.2304e-08
8.0825e-07 1.4354e-08
8.0825e-07 1.6405e-08
8.0825e-07 1.8455e-08
8.0825e-07 2.0506e-08
8.0825e-07 2.2557e-08
8.0825e-07 2.4607e-08
