8.3573e-02 9.9650e-01
8.6180e-02 9.9628e-01
8.9904e-02 9.9595e-01
1.0195e-01 9.9479e-01
9.8189e-02 9.9517e-01
8.2099e-02 9.9662e-01
7.9191e-02 9.9686e-01
7.3320e-02 9.9731e-01
6.5940e-02 9.9782e-01
7.5694e-02 9.9713e-01
6.4695e-02 9.9791e-01
6.8339e-02 9.9766e-01
9.2674e-02 9.9570e-01
9.0238e-02 9.9592e-01
9.9275e-02 9.9506e-01
1.3489e-01 9.9086e-01
8.4112e-02 9.9646e-01
7.0912e-02 9.9748e-01
6.3876e-02 9.9796e-01
-5.9726e-04 1.0000e+00
1.7941e-02 9.9984e-01
-5.0394e-02 9.9873e-01
-9.5195e-02 9.9546e-01
-8.5321e-02 9.9635e-01
-1.2693e-01 9.9191e-01
-1.3701e-01 9.9057e-01
-1.3731e-01 9.9053e-01
-1.4648e-01 9.8921e-01
-1.2824e-01 9.9174e-01
-1.1145e-01 9.9377e-01
-1.0817e-01 9.9413e-01
-7.3914e-02 9.9726e-01
-5.3527e-02 9.9857e-01
-2.2779e-02 9.9974e-01
-2.7976e-03 1.0000e+00
-9.0314e-04 1.0000e+00
3.1456e-02 9.9951e-01
5.1824e-02 9.9866e-01
7.3171e-02 9.9732e-01
9.2346e-02 9.9573e-01
9.7770e-02 9.9521e-01
1.0589e-01 9.9438e-01
1.0822e-01 9.9413e-01
1.0555e-01 9.9441e-01
1.0625e-01 9.9434e-01
1.0207e-01 9.9478e-01
9.3452e-02 9.9562e-01
9.1702e-02 9.9579e-01
8.5719e-02 9.9632e-01
7.3065e-02 9.9733e-01
7.2230e-02 9.9739e-01
5.9995e-02 9.9820e-01
4.7189e-02 9.9889e-01
5.8943e-02 9.9826e-01
6.5613e-02 9.9785e-01
7.2310e-02 9.9738e-01
5.1235e-02 9.9869e-01
3.5389e-02 9.9937e-01
4.9757e-02 9.9876e-01
5.3169e-02 9.9859e-01
5.9899e-02 9.9820e-01
4.0074e-02 9.9920e-01
2.9252e-02 9.9957e-01
2.4700e-02 9.9969e-01
8.2709e-03 9.9997e-01
1.5799e-02 9.9988e-01
3.9960e-03 9.9999e-01
-1.5001e-03 1.0000e+00
1.1293e-02 9.9994e-01
8.0899e-03 9.9997e-01
7.3091e-03 9.9997e-01
2.0724e-02 9.9979e-01
-6.6403e-02 9.9779e-01
-9.9840e-02 9.9500e-01
-9.8471e-02 9.9514e-01
-1.8238e-01 9.8323e-01
-1.9925e-01 9.7995e-01
-2.1510e-01 9.7659e-01
-2.2403e-01 9.7458e-01
-2.1567e-01 9.7647e-01
-2.1988e-01 9.7553e-01
-2.1881e-01 9.7577e-01
-2.2544e-01 9.7426e-01
-2.3661e-01 9.7161e-01
-2.2321e-01 9.7477e-01
-2.3388e-01 9.7226e-01
-2.5107e-01 9.6797e-01
-2.2405e-01 9.7458e-01
-2.1359e-01 9.7692e-01
-1.8394e-01 9.8294e-01
-1.5986e-01 9.8714e-01
-1.5351e-01 9.8815e-01
-1.1189e-01 9.9372e-01
-8.4064e-02 9.9646e-01
-6.0047e-02 9.9820e-01
-3.6900e-02 9.9932e-01
-2.0512e-02 9.9979e-01
2.0871e-02 9.9978e-01
5.4030e-02 9.9854e-01
6.4586e-02 9.9791e-01
8.0402e-02 9.9676e-01
8.7275e-02 9.9618e-01
9.4982e-02 9.9548e-01
1.0552e-01 9.9442e-01
1.0386e-01 9.9459e-01
1.0482e-01 9.9449e-01
1.2360e-01 9.9233e-01
1.2310e-01 9.9239e-01
1.1722e-01 9.9311e-01
1.2928e-01 9.9161e-01
1.2343e-01 9.9235e-01
1.4350e-01 9.8965e-01
1.4998e-01 9.8869e-01
1.5378e-01 9.8810e-01
1.8502e-01 9.8273e-01
1.9484e-01 9.8084e-01
2.2393e-01 9.7461e-01
2.5282e-01 9.6751e-01
2.1660e-01 9.7626e-01
1.5400e-01 9.8807e-01
8.4371e-02 9.9643e-01
-6.5821e-02 9.9783e-01
-1.5586e-01 9.8778e-01
-1.9951e-01 9.7990e-01
-2.3425e-01 9.7218e-01
-2.2592e-01 9.7415e-01
-2.3855e-01 9.7113e-01
-2.3342e-01 9.7238e-01
-2.4196e-01 9.7029e-01
-2.6456e-01 9.6437e-01
-2.5448e-01 9.6708e-01
-2.4071e-01 9.7060e-01
-2.4503e-01 9.6952e-01
-2.1772e-01 9.7601e-01
-2.1084e-01 9.7752e-01
-1.9342e-01 9.8112e-01
-1.6142e-01 9.8689e-01
-1.6660e-01 9.8602e-01
-1.3428e-01 9.9094e-01
-9.7798e-02 9.9521e-01
-9.0757e-02 9.9587e-01
-7.4380e-02 9.9723e-01
-6.0905e-02 9.9814e-01
-5.0806e-02 9.9871e-01
-2.2430e-02 9.9975e-01
-2.0325e-02 9.9979e-01
-8.0469e-03 9.9997e-01
8.4622e-03 9.9996e-01
2.5184e-03 1.0000e+00
1.0621e-02 9.9994e-01
1.0833e-02 9.9994e-01
2.4561e-03 1.0000e+00
1.2530e-02 9.9992e-01
1.3197e-02 9.9991e-01
5.2269e-03 9.9999e-01
3.5202e-02 9.9938e-01
4.2397e-02 9.9910e-01
5.9509e-02 9.9823e-01
8.4618e-02 9.9641e-01
8.8237e-02 9.9610e-01
1.2034e-01 9.9273e-01
1.3101e-01 9.9138e-01
1.4857e-01 9.8890e-01
1.8049e-01 9.8358e-01
1.9235e-01 9.8133e-01
2.0599e-01 9.7855e-01
2.1599e-01 9.7640e-01
2.2930e-01 9.7336e-01
2.5597e-01 9.6668e-01
2.7075e-01 9.6265e-01
2.8477e-01 9.5860e-01
2.9534e-01 9.5539e-01
2.6223e-01 9.6500e-01
2.4736e-01 9.6892e-01
1.9414e-01 9.8097e-01
1.2255e-01 9.9246e-01
9.3974e-02 9.9557e-01
-1.2302e-03 1.0000e+00
-6.0929e-02 9.9814e-01
-8.3687e-02 9.9649e-01
-1.1350e-01 9.9354e-01
-1.1924e-01 9.9287e-01
-1.3118e-01 9.9136e-01
-1.3789e-01 9.9045e-01
-1.4543e-01 9.8937e-01
-1.4591e-01 9.8930e-01
-1.3665e-01 9.9062e-01
-1.2981e-01 9.9154e-01
-1.2357e-01 9.9234e-01
-1.1469e-01 9.9340e-01
-9.8577e-02 9.9513e-01
-8.4435e-02 9.9643e-01
-6.2387e-02 9.9805e-01
-3.8780e-02 9.9925e-01
-1.6066e-02 9.9987e-01
4.5398e-03 9.9999e-01
2.2395e-02 9.9975e-01
5.0963e-02 9.9870e-01
7.4651e-02 9.9721e-01
9.0898e-02 9.9586e-01
9.5275e-02 9.9545e-01
1.0675e-01 9.9429e-01
1.1879e-01 9.9292e-01
1.2886e-01 9.9166e-01
1.3921e-01 9.9026e-01
1.3105e-01 9.9138e-01
1.2791e-01 9.9179e-01
1.1815e-01 9.9300e-01
1.1946e-01 9.9284e-01
1.1695e-01 9.9314e-01
9.9445e-02 9.9504e-01
9.1073e-02 9.9584e-01
5.3351e-02 9.9858e-01
1.5639e-02 9.9988e-01
-5.6602e-02 9.9840e-01
-1.3002e-01 9.9151e-01
-1.6825e-01 9.8574e-01
-2.1426e-01 9.7678e-01
-2.3153e-01 9.7283e-01
-2.3165e-01 9.7280e-01
-2.1612e-01 9.7637e-01
-1.8219e-01 9.8326e-01
-1.6046e-01 9.8704e-01
-1.3357e-01 9.9104e-01
-1.1914e-01 9.9288e-01
-1.2895e-01 9.9165e-01
-1.2234e-01 9.9249e-01
-1.1402e-01 9.9348e-01
-1.1154e-01 9.9376e-01
-1.0778e-01 9.9417e-01
-1.1131e-01 9.9379e-01
-1.1622e-01 9.9322e-01
-1.1433e-01 9.9344e-01
-1.1199e-01 9.9371e-01
-1.0793e-01 9.9416e-01
-9.4563e-02 9.9552e-01
-7.7900e-02 9.9696e-01
-6.3611e-02 9.9797e-01
-4.5896e-02 9.9895e-01
-3.8068e-02 9.9928e-01
-1.1130e-02 9.9994e-01
1.2992e-02 9.9992e-01
2.3763e-02 9.9972e-01
5.2239e-02 9.9863e-01
6.9017e-02 9.9762e-01
8.0475e-02 9.9676e-01
8.6258e-02 9.9627e-01
9.5616e-02 9.9542e-01
1.1229e-01 9.9368e-01
1.1546e-01 9.9331e-01
1.0539e-01 9.9443e-01
9.0037e-02 9.9594e-01
9.9946e-02 9.9499e-01
1.1148e-01 9.9377e-01
1.1512e-01 9.9335e-01
1.2217e-01 9.9251e-01
1.1010e-01 9.9392e-01
1.2778e-01 9.9180e-01
1.5991e-01 9.8713e-01
1.7018e-01 9.8541e-01
1.7864e-01 9.8392e-01
1.7833e-01 9.8397e-01
1.6607e-01 9.8611e-01
1.6801e-01 9.8579e-01
1.1562e-01 9.9329e-01
6.1613e-02 9.9810e-01
4.2916e-02 9.9908e-01
-8.8933e-02 9.9604e-01
-1.6139e-01 9.8689e-01
-1.9023e-01 9.8174e-01
-2.4680e-01 9.6907e-01
-2.4716e-01 9.6898e-01
-2.3985e-01 9.7081e-01
-2.3303e-01 9.7247e-01
-2.0560e-01 9.7864e-01
-1.7373e-01 9.8479e-01
-1.6255e-01 9.8670e-01
-1.5972e-01 9.8716e-01
-1.6496e-01 9.8630e-01
-1.4956e-01 9.8875e-01
-1.3443e-01 9.9092e-01
-1.2740e-01 9.9185e-01
-1.0784e-01 9.9417e-01
-9.6739e-02 9.9531e-01
-9.5344e-02 9.9544e-01
-1.0109e-01 9.9488e-01
-1.1277e-01 9.9362e-01
-9.4050e-02 9.9557e-01
-7.1092e-02 9.9747e-01
-7.5112e-02 9.9718e-01
-7.0604e-02 9.9750e-01
-6.0569e-02 9.9816e-01
-4.4986e-02 9.9899e-01
-2.7160e-02 9.9963e-01
-1.1862e-02 9.9993e-01
-1.4522e-04 1.0000e+00
2.1191e-02 9.9978e-01
3.6965e-02 9.9932e-01
4.8451e-02 9.9883e-01
5.7923e-02 9.9832e-01
5.4207e-02 9.9853e-01
7.9094e-02 9.9687e-01
8.0227e-02 9.9678e-01
8.1856e-02 9.9664e-01
8.5213e-02 9.9636e-01
6.5748e-02 9.9784e-01
7.1687e-02 9.9743e-01
6.7681e-02 9.9771e-01
6.5251e-02 9.9787e-01
8.4683e-02 9.9641e-01
9.5996e-02 9.9538e-01
1.1454e-01 9.9342e-01
1.4962e-01 9.8874e-01
1.5569e-01 9.8781e-01
1.7008e-01 9.8543e-01
1.8891e-01 9.8199e-01
2.0408e-01 9.7895e-01
2.3260e-01 9.7257e-01
2.4832e-01 9.6868e-01
2.6010e-01 9.6558e-01
2.6674e-01 9.6377e-01
2.7181e-01 9.6235e-01
2.7510e-01 9.6142e-01
2.5806e-01 9.6613e-01
2.2120e-01 9.7523e-01
1.7514e-01 9.8454e-01
9.8351e-02 9.9515e-01
2.9745e-02 9.9956e-01
-4.9721e-02 9.9876e-01
-1.4036e-01 9.9010e-01
-1.8694e-01 9.8237e-01
-2.2612e-01 9.7410e-01
-2.4421e-01 9.6972e-01
-2.3802e-01 9.7126e-01
-2.3246e-01 9.7261e-01
-2.0808e-01 9.7811e-01
-1.8611e-01 9.8253e-01
-1.7892e-01 9.8386e-01
-1.4732e-01 9.8909e-01
-1.1592e-01 9.9326e-01
-9.4995e-02 9.9548e-01
-7.3501e-02 9.9730e-01
-4.6362e-02 9.9892e-01
-3.3194e-02 9.9945e-01
-3.2955e-02 9.9946e-01
-1.7066e-02 9.9985e-01
-1.2048e-02 9.9993e-01
5.4985e-03 9.9998e-01
1.8298e-02 9.9983e-01
1.5190e-02 9.9988e-01
2.4415e-02 9.9970e-01
2.5741e-02 9.9967e-01
1.9807e-02 9.9980e-01
3.2912e-02 9.9946e-01
4.2393e-02 9.9910e-01
4.2452e-02 9.9910e-01
5.3794e-02 9.9855e-01
6.5812e-02 9.9783e-01
9.0342e-02 9.9591e-01
1.0320e-01 9.9466e-01
1.1402e-01 9.9348e-01
1.2986e-01 9.9153e-01
1.3545e-01 9.9078e-01
1.4358e-01 9.8964e-01
1.5048e-01 9.8861e-01
1.4925e-01 9.8880e-01
1.4193e-01 9.8988e-01
1.3637e-01 9.9066e-01
1.3586e-01 9.9073e-01
8.9652e-02 9.9597e-01
4.4294e-02 9.9902e-01
-1.2831e-02 9.9992e-01
-1.0765e-01 9.9419e-01
-1.4684e-01 9.8916e-01
-1.9806e-01 9.8019e-01
-2.2928e-01 9.7336e-01
-2.2684e-01 9.7393e-01
-2.3418e-01 9.7219e-01
-2.2496e-01 9.7437e-01
-2.0362e-01 9.7905e-01
-1.7809e-01 9.8401e-01
-1.6613e-01 9.8610e-01
-1.5833e-01 9.8739e-01
-1.5054e-01 9.8860e-01
-1.4329e-01 9.8968e-01
-1.3885e-01 9.9031e-01
-1.2946e-01 9.9159e-01
-1.1279e-01 9.9362e-01
-9.7281e-02 9.9526e-01
-9.6044e-02 9.9538e-01
-1.0583e-01 9.9438e-01
-8.3209e-02 9.9653e-01
-6.9527e-02 9.9758e-01
-6.2181e-02 9.9806e-01
-4.3715e-02 9.9904e-01
-4.0263e-02 9.9919e-01
-1.8432e-02 9.9983e-01
-8.6579e-03 9.9996e-01
-1.6401e-05 1.0000e+00
1.7025e-02 9.9986e-01
2.0416e-02 9.9979e-01
2.8182e-02 9.9960e-01
3.2879e-02 9.9946e-01
4.4965e-02 9.9899e-01
6.2069e-02 9.9807e-01
6.6436e-02 9.9779e-01
6.2904e-02 9.9802e-01
5.8893e-02 9.9826e-01
6.5749e-02 9.9784e-01
7.3889e-02 9.9727e-01
7.4204e-02 9.9724e-01
8.0491e-02 9.9676e-01
9.0102e-02 9.9593e-01
1.0233e-01 9.9475e-01
1.1642e-01 9.9320e-01
1.2793e-01 9.9178e-01
1.3274e-01 9.9115e-01
1.3590e-01 9.9072e-01
1.5171e-01 9.8843e-01
1.6275e-01 9.8667e-01
1.6990e-01 9.8546e-01
1.8514e-01 9.8271e-01
2.0190e-01 9.7941e-01
2.1398e-01 9.7684e-01
2.1294e-01 9.7706e-01
2.0133e-01 9.7952e-01
1.9417e-01 9.8097e-01
1.4661e-01 9.8919e-01
8.2181e-02 9.9662e-01
5.7532e-02 9.9834e-01
-3.0169e-02 9.9954e-01
-9.3974e-02 9.9557e-01
-1.3533e-01 9.9080e-01
-1.9892e-01 9.8002e-01
-2.0318e-01 9.7914e-01
-1.8687e-01 9.8239e-01
-1.6859e-01 9.8569e-01
-1.4882e-01 9.8886e-01
-1.3248e-01 9.9119e-01
-1.2006e-01 9.9277e-01
-9.8744e-02 9.9511e-01
-8.8606e-02 9.9607e-01
-7.2605e-02 9.9736e-01
-7.2652e-02 9.9736e-01
-7.0481e-02 9.9751e-01
-5.0554e-02 9.9872e-01
-5.6342e-02 9.9841e-01
-5.2052e-02 9.9864e-01
-5.4485e-02 9.9851e-01
-6.1107e-02 9.9813e-01
-5.6064e-02 9.9843e-01
-5.4403e-02 9.9852e-01
-4.0913e-02 9.9916e-01
-2.7645e-02 9.9962e-01
-2.9291e-02 9.9957e-01
-1.7655e-02 9.9984e-01
1.6500e-03 1.0000e+00
1.0922e-02 9.9994e-01
1.6324e-02 9.9987e-01
2.0443e-02 9.9979e-01
3.2166e-02 9.9948e-01
4.1888e-02 9.9912e-01
5.1982e-02 9.9865e-01
6.3166e-02 9.9800e-01
6.6850e-02 9.9776e-01
5.7617e-02 9.9834e-01
5.8427e-02 9.9829e-01
6.8501e-02 9.9765e-01
6.9831e-02 9.9756e-01
8.0841e-02 9.9673e-01
8.4709e-02 9.9641e-01
8.9066e-02 9.9603e-01
1.0539e-01 9.9443e-01
1.1379e-01 9.9351e-01
1.2068e-01 9.9269e-01
1.2780e-01 9.9180e-01
1.3763e-01 9.9048e-01
1.6115e-01 9.8693e-01
1.7472e-01 9.8462e-01
1.8043e-01 9.8359e-01
1.9428e-01 9.8095e-01
2.0805e-01 9.7812e-01
2.1219e-01 9.7723e-01
2.0577e-01 9.7860e-01
1.9501e-01 9.8080e-01
1.8266e-01 9.8318e-01
1.5518e-01 9.8789e-01
1.1277e-01 9.9362e-01
7.9108e-02 9.9687e-01
4.4022e-02 9.9903e-01
4.6946e-03 9.9999e-01
-4.8273e-02 9.9883e-01
-7.7875e-02 9.9696e-01
-1.0450e-01 9.9453e-01
-1.2101e-01 9.9265e-01
-1.1374e-01 9.9351e-01
-1.2381e-01 9.9231e-01
-1.2171e-01 9.9257e-01
1.0000e+00 0.0000e+00
1.0000e+00 0.0000e+00
1.0000e+00 0.0000e+00
1.0000e+00 0.0000e+00
1.0000e+00 0.0000e+00
1.0000e+00 0.0000e+00
1.0000e+00 0.0000e+00
1.0000e+00 0.0000e+00
1.0000e+00 0.0000e+00
1.0000e+00 0.0000e+00
1.0000e+00 0.0000e+00
1.0000e+00 0.0000e+00
1.0000e+00 0.0000e+00
1.0000e+00 0.0000e+00
0.0000e+00 1.0000e+00
0.0000e+00 1.0000e+00
0.0000e+00 1.0000e+00
0.0000e+00 1.0000e+00
0.0000e+00 1.0000e+00
0.0000e+00 1.0000e+00
0.0000e+00 1.0000e+00
0.0000e+00 1.0000e+00
0.0000e+00 1.0000e+00
0.0000e+00 1.0000e+00
0.0000e+00 1.0000e+00
0.0000e+00 1.0000e+00
0.0000e+00 1.0000e+00
0.0000e+00 1.0000e+00
0.0000e+00 1.0000e+00
0.0000e+00 1.0000e+00
0.0000e+00 1.0000e+00
0.0000e+00 1.0000e+00
0.0000e+00 1.0000e+00
0.0000e+00 1.0000e+00
0.0000e+00 1.0000e+00
0.0000e+00 1.0000e+00
0.0000e+00 1.0000e+00
0.0000e+00 1.0000e+00
0.0000e+00 1.0000e+00
0.0000e+00 1.0000e+00
0.0000e+00 1.0000e+00
0.0000e+00 1.0000e+00
0.0000e+00 1.0000e+00
0.0000e+00 1.0000e+00
0.0000e+00 1.0000e+00
0.0000e+00 1.0000e+00
0.0000e+00 1.0000e+00
0.0000e+00 1.0000e+00
0.0000e+00 1.0000e+00
0.0000e+00 1.0000e+00
0.0000e+00 1.0000e+00
0.0000e+00 1.0000e+00
0.0000e+00 1.0000e+00
0.0000e+00 1.0000e+00
0.0000e+00 1.0000e+00
0.0000e+00 1.0000e+00
0.0000e+00 1.0000e+00
0.0000e+00 1.0000e+00
0.0000e+00 1.0000e+00
0.0000e+00 1.0000e+00
0.0000e+00 1.0000e+00
0.0000e+00 1.0000e+00
0.0000e+00 1.0000e+00
0.0000e+00 1.0000e+00
0.0000e+00 1.0000e+00
0.0000e+00 1.0000e+00
0.0000e+00 1.0000e+00
0.0000e+00 1.0000e+00
0.0000e+00 1.0000e+00
0.0000e+00 1.0000e+00
0.0000e+00 1.0000e+00
0.0000e+00 1.0000e+00
0.0000e+00 1.0000e+00
0.0000e+00 1.0000e+00
0.0000e+00 1.0000e+00
0.0000e+00 1.0000e+00
0.0000e+00 1.0000e+00
0.0000e+00 1.0000e+00
0.0000e+00 1.0000e+00
0.0000e+00 1.0000e+00
0.0000e+00 1.0000e+00
0.0000e+00 1.0000e+00
0.0000e+00 1.0000e+00
0.0000e+00 1.0000e+00
0.0000e+00 1.0000e+00
0.0000e+00 1.0000e+00
0.0000e+00 1.0000e+00
0.0000e+00 1.0000e+00
0.0000e+00 1.0000e+00
0.0000e+00 1.0000e+00
0.0000e+00 1.0000e+00
0.0000e+00 1.0000e+00
0.0000e+00 1.0000e+00
0.0000e+00 1.0000e+00
0.0000e+00 1.0000e+00
0.0000e+00 1.0000e+00
0.0000e+00 1.0000e+00
0.0000e+00 1.0000e+00
0.0000e+00 1.0000e+00
0.0000e+00 1.0000e+00
0.0000e+00 1.0000e+00
0.0000e+00 1.0000e+00
0.0000e+00 1.0000e+00
0.0000e+00 1.0000e+00
0.0000e+00 1.0000e+00
0.0000e+00 1.0000e+00
0.0000e+00 1.0000e+00
0.0000e+00 1.0000e+00
0.0000e+00 1.0000e+00
0.0000e+00 1.0000e+00
0.0000e+00 1.0000e+00
0.0000e+00 1.0000e+00
0.0000e+00 1.0000e+00
0.0000e+00 1.0000e+00
0.0000e+00 1.0000e+00
0.0000e+00 1.0000e+00
0.0000e+00 1.0000e+00
0.0000e+00 1.0000e+00
0.0000e+00 1.0000e+00
0.0000e+00 1.0000e+00
0.0000e+00 1.0000e+00
0.0000e+00 1.0000e+00
0.0000e+00 1.0000e+00
0.0000e+00 1.0000e+00
0.0000e+00 1.0000e+00
0.0000e+00 1.0000e+00
0.0000e+00 1.0000e+00
0.0000e+00 1.0000e+00
0.0000e+00 1.0000e+00
0.0000e+00 1.0000e+00
0.0000e+00 1.0000e+00
0.0000e+00 1.0000e+00
0.0000e+00 1.0000e+00
0.0000e+00 1.0000e+00
0.0000e+00 1.0000e+00
0.0000e+00 1.0000e+00
0.0000e+00 1.0000e+00
0.0000e+00 1.0000e+00
0.0000e+00 1.0000e+00
0.0000e+00 1.0000e+00
0.0000e+00 1.0000e+00
0.0000e+00 1.0000e+00
0.0000e+00 1.0000e+00
0.0000e+00 1.0000e+00
0.0000e+00 1.0000e+00
0.0000e+00 1.0000e+00
0.0000e+00 1.0000e+00
0.0000e+00 1.0000e+00
0.0000e+00 1.0000e+00
0.0000e+00 1.0000e+00
0.0000e+00 1.0000e+00
0.0000e+00 1.0000e+00
0.0000e+00 1.0000e+00
0.0000e+00 1.0000e+00
0.0000e+00 1.0000e+00
0.0000e+00 1.0000e+00
0.0000e+00 1.0000e+00
0.0000e+00 1.0000e+00
0.0000e+00 1.0000e+00
0.0000e+00 1.0000e+00
0.0000e+00 1.0000e+00
0.0000e+00 1.0000e+00
0.0000e+00 1.0000e+00
0.0000e+00 1.0000e+00
0.0000e+00 1.0000e+00
0.0000e+00 1.0000e+00
0.0000e+00 1.0000e+00
0.0000e+00 1.0000e+00
0.0000e+00 1.0000e+00
0.0000e+00 1.0000e+00
0.0000e+00 1.0000e+00
0.0000e+00 1.0000e+00
0.0000e+00 1.0000e+00
0.0000e+00 1.0000e+00
0.0000e+00 1.0000e+00
0.0000e+00 1.0000e+00
0.0000e+00 1.0000e+00
0.0000e+00 1.0000e+00
0.0000e+00 1.0000e+00
0.0000e+00 1.0000e+00
0.0000e+00 1.0000e+00
0.0000e+00 1.0000e+00
0.0000e+00 1.0000e+00
0.0000e+00 1.0000e+00
0.0000e+00 1.0000e+00
0.0000e+00 1.0000e+00
0.0000e+00 1.0000e+00
0.0000e+00 1.0000e+00
0.0000e+00 1.0000e+00
0.0000e+00 1.0000e+00
0.0000e+00 1.0000e+00
0.0000e+00 1.0000e+00
0.0000e+00 1.0000e+00
0.0000e+00 1.0000e+00
0.0000e+00 1.0000e+00
0.0000e+00 1.0000e+00
0.0000e+00 1.0000e+00
0.0000e+00 1.0000e+00
0.0000e+00 1.0000e+00
0.0000e+00 1.0000e+00
0.0000e+00 1.0000e+00
0.0000e+00 1.0000e+00
0.0000e+00 1.0000e+00
0.0000e+00 1.0000e+00
0.0000e+00 1.0000e+00
0.0000e+00 1.0000e+00
0.0000e+00 1.0000e+00
0.0000e+00 1.0000e+00
0.0000e+00 1.0000e+00
0.0000e+00 1.0000e+00
0.0000e+00 1.0000e+00
0.0000e+00 1.0000e+00
0.0000e+00 1.0000e+00
0.0000e+00 1.0000e+00
0.0000e+00 1.0000e+00
0.0000e+00 1.0000e+00
0.0000e+00 1.0000e+00
0.0000e+00 1.0000e+00
0.0000e+00 1.0000e+00
0.0000e+00 1.0000e+00
0.0000e+00 1.0000e+00
0.0000e+00 1.0000e+00
0.0000e+00 1.0000e+00
0.0000e+00 1.0000e+00
0.0000e+00 1.0000e+00
0.0000e+00 1.0000e+00
0.0000e+00 1.0000e+00
0.0000e+00 1.0000e+00
0.0000e+00 1.0000e+00
0.0000e+00 1.0000e+00
0.0000e+00 1.0000e+00
0.0000e+00 1.0000e+00
0.0000e+00 1.0000e+00
0.0000e+00 1.0000e+00
0.0000e+00 1.0000e+00
0.0000e+00 1.0000e+00
0.0000e+00 1.0000e+00
0.0000e+00 1.0000e+00
0.0000e+00 1.0000e+00
0.0000e+00 1.0000e+00
0.0000e+00 1.0000e+00
0.0000e+00 1.0000e+00
0.0000e+00 1.0000e+00
0.0000e+00 1.0000e+00
0.0000e+00 1.0000e+00
0.0000e+00 1.0000e+00
0.0000e+00 1.0000e+00
0.0000e+00 1.0000e+00
0.0000e+00 1.0000e+00
0.0000e+00 1.0000e+00
0.0000e+00 1.0000e+00
0.0000e+00 1.0000e+00
0.0000e+00 1.0000e+00
0.0000e+00 1.0000e+00
0.0000e+00 1.0000e+00
0.0000e+00 1.0000e+00
0.0000e+00 1.0000e+00
0.0000e+00 1.0000e+00
0.0000e+00 1.0000e+00
0.0000e+00 1.0000e+00
0.0000e+00 1.0000e+00
0.0000e+00 1.0000e+00
0.0000e+00 1.0000e+00
0.0000e+00 1.0000e+00
0.0000e+00 1.0000e+00
0.0000e+00 1.0000e+00
0.0000e+00 1.0000e+00
0.0000e+00 1.0000e+00
0.0000e+00 1.0000e+00
0.0000e+00 1.0000e+00
0.0000e+00 1.0000e+00
0.0000e+00 1.0000e+00
0.0000e+00 1.0000e+00
0.0000e+00 1.0000e+00
0.0000e+00 1.0000e+00
0.0000e+00 1.0000e+00
0.0000e+00 1.0000e+00
0.0000e+00 1.0000e+00
0.0000e+00 1.0000e+00
0.0000e+00 1.0000e+00
0.0000e+00 1.0000e+00
0.0000e+00 1.0000e+00
0.0000e+00 1.0000e+00
0.0000e+00 1.0000e+00
0.0000e+00 1.0000e+00
0.0000e+00 1.0000e+00
0.0000e+00 1.0000e+00
0.0000e+00 1.0000e+00
0.0000e+00 1.0000e+00
0.0000e+00 1.0000e+00
0.0000e+00 1.0000e+00
0.0000e+00 1.0000e+00
0.0000e+00 1.0000e+00
0.0000e+00 1.0000e+00
0.0000e+00 1.0000e+00
0.0000e+00 1.0000e+00
0.0000e+00 1.0000e+00
0.0000e+00 1.0000e+00
0.0000e+00 1.0000e+00
0.0000e+00 1.0000e+00
0.0000e+00 1.0000e+00
0.0000e+00 1.0000e+00
0.0000e+00 1.0000e+00
0.0000e+00 1.0000e+00
0.0000e+00 1.0000e+00
0.0000e+00 1.0000e+00
0.0000e+00 1.0000e+00
0.0000e+00 1.0000e+00
0.0000e+00 1.0000e+00
0.0000e+00 1.0000e+00
0.0000e+00 1.0000e+00
0.0000e+00 1.0000e+00
0.0000e+00 1.0000e+00
0.0000e+00 1.0000e+00
0.0000e+00 1.0000e+00
0.0000e+00 1.0000e+00
0.0000e+00 1.0000e+00
0.0000e+00 1.0000e+00
0.0000e+00 1.0000e+00
0.0000e+00 1.0000e+00
0.0000e+00 1.0000e+00
0.0000e+00 1.0000e+00
0.0000e+00 1.0000e+00
0.0000e+00 1.0000e+00
0.0000e+00 1.0000e+00
0.0000e+00 1.0000e+00
0.0000e+00 1.0000e+00
0.0000e+00 1.0000e+00
0.0000e+00 1.0000e+00
0.0000e+00 1.0000e+00
0.0000e+00 1.0000e+00
0.0000e+00 1.0000e+00
0.0000e+00 1.0000e+00
0.0000e+00 1.0000e+00
0.0000e+00 1.0000e+00
0.0000e+00 1.0000e+00
0.0000e+00 1.0000e+00
0.0000e+00 1.0000e+00
0.0000e+00 1.0000e+00
0.0000e+00 1.0000e+00
0.0000e+00 1.0000e+00
0.0000e+00 1.0000e+00
0.0000e+00 1.0000e+00
0.0000e+00 1.0000e+00
0.0000e+00 1.0000e+00
0.0000e+00 1.0000e+00
0.0000e+00 1.0000e+00
0.0000e+00 1.0000e+00
0.0000e+00 1.0000e+00
0.0000e+00 1.0000e+00
0.0000e+00 1.0000e+00
0.0000e+00 1.0000e+00
0.0000e+00 1.0000e+00
0.0000e+00 1.0000e+00
0.0000e+00 1.0000e+00
0.0000e+00 1.0000e+00
0.0000e+00 1.0000e+00
0.0000e+00 1.0000e+00
0.0000e+00 1.0000e+00
0.0000e+00 1.0000e+00
0.0000e+00 1.0000e+00
0.0000e+00 1.0000e+00
0.0000e+00 1.0000e+00
0.0000e+00 1.0000e+00
0.0000e+00 1.0000e+00
0.0000e+00 1.0000e+00
0.0000e+00 1.0000e+00
0.0000e+00 1.0000e+00
0.0000e+00 1.0000e+00
0.0000e+00 1.0000e+00
0.0000e+00 1.0000e+00
0.0000e+00 1.0000e+00
0.0000e+00 1.0000e+00
0.0000e+00 1.0000e+00
0.0000e+00 1.0000e+00
0.0000e+00 1.0000e+00
0.0000e+00 1.0000e+00
0.0000e+00 1.0000e+00
0.0000e+00 1.0000e+00
0.0000e+00 1.0000e+00
0.0000e+00 1.0000e+00
0.0000e+00 1.0000e+00
0.0000e+00 1.0000e+00
0.0000e+00 1.0000e+00
0.0000e+00 1.0000e+00
0.0000e+00 1.0000e+00
0.0000e+00 1.0000e+00
0.0000e+00 1.0000e+00
0.0000e+00 1.0000e+00
0.0000e+00 1.0000e+00
0.0000e+00 1.0000e+00
0.0000e+00 1.0000e+00
0.0000e+00 1.0000e+00
0.0000e+00 1.0000e+00
0.0000e+00 1.0000e+00
0.0000e+00 1.0000e+00
0.0000e+00 1.0000e+00
0.0000e+00 1.0000e+00
0.0000e+00 1.0000e+00
0.0000e+00 1.0000e+00
0.0000e+00 1.0000e+00
0.0000e+00 1.0000e+00
0.0000e+00 1.0000e+00
0.0000e+00 1.0000e+00
0.0000e+00 1.0000e+00
0.0000e+00 1.0000e+00
0.0000e+00 1.0000e+00
0.0000e+00 1.0000e+00
0.0000e+00 1.0000e+00
0.0000e+00 1.0000e+00
0.0000e+00 1.0000e+00
0.0000e+00 1.0000e+00
0.0000e+00 1.0000e+00
0.0000e+00 1.0000e+00
0.0000e+00 1.0000e+00
0.0000e+00 1.0000e+00
0.0000e+00 1.0000e+00
0.0000e+00 1.0000e+00
0.0000e+00 1.0000e+00
0.0000e+00 1.0000e+00
0.0000e+00 1.0000e+00
0.0000e+00 1.0000e+00
0.0000e+00 1.0000e+00
0.0000e+00 1.0000e+00
0.0000e+00 1.0000e+00
0.0000e+00 1.0000e+00
0.0000e+00 1.0000e+00
0.0000e+00 1.0000e+00
0.0000e+00 1.0000e+00
0.0000e+00 1.0000e+00
0.0000e+00 1.0000e+00
0.0000e+00 1.0000e+00
0.0000e+00 1.0000e+00
0.0000e+00 1.0000e+00
0.0000e+00 1.0000e+00
0.0000e+00 1.0000e+00
0.0000e+00 1.0000e+00
0.0000e+00 1.0000e+00
0.0000e+00 1.0000e+00
0.0000e+00 1.0000e+00
0.0000e+00 1.0000e+00
0.0000e+00 1.0000e+00
0.0000e+00 1.0000e+00
0.0000e+00 1.0000e+00
0.0000e+00 1.0000e+00
0.0000e+00 1.0000e+00
0.0000e+00 1.0000e+00
0.0000e+00 1.0000e+00
0.0000e+00 1.0000e+00
0.0000e+00 1.0000e+00
0.0000e+00 1.0000e+00
0.0000e+00 1.0000e+00
0.0000e+00 1.0000e+00
0.0000e+00 1.0000e+00
0.0000e+00 1.0000e+00
0.0000e+00 1.0000e+00
0.0000e+00 1.0000e+00
0.0000e+00 1.0000e+00
0.0000e+00 1.0000e+00
0.0000e+00 1.0000e+00
0.0000e+00 1.0000e+00
0.0000e+00 1.0000e+00
0.0000e+00 1.0000e+00
0.0000e+00 1.0000e+00
0.0000e+00 1.0000e+00
0.0000e+00 1.0000e+00
0.0000e+00 1.0000e+00
0.0000e+00 1.0000e+00
0.0000e+00 1.0000e+00
0.0000e+00 1.0000e+00
0.0000e+00 1.0000e+00
0.0000e+00 1.0000e+00
0.0000e+00 1.0000e+00
0.0000e+00 1.0000e+00
0.0000e+00 1.0000e+00
0.0000e+00 1.0000e+00
0.0000e+00 1.0000e+00
0.0000e+00 1.0000e+00
0.0000e+00 1.0000e+00
0.0000e+00 1.0000e+00
0.0000e+00 1.0000e+00
0.0000e+00 1.0000e+00
0.0000e+00 1.0000e+00
0.0000e+00 1.0000e+00
0.0000e+00 1.0000e+00
0.0000e+00 1.0000e+00
0.0000e+00 1.0000e+00
0.0000e+00 1.0000e+00
0.0000e+00 1.0000e+00
0.0000e+00 1.0000e+00
0.0000e+00 1.0000e+00
0.0000e+00 1.0000e+00
0.0000e+00 1.0000e+00
0.0000e+00 1.0000e+00
0.0000e+00 1.0000e+00
0.0000e+00 1.0000e+00
0.0000e+00 1.0000e+00
0.0000e+00 1.0000e+00
0.0000e+00 1.0000e+00
0.0000e+00 1.0000e+00
0.0000e+00 1.0000e+00
0.0000e+00 1.0000e+00
0.0000e+00 1.0000e+00
0.0000e+00 1.0000e+00
0.0000e+00 1.0000e+00
0.0000e+00 1.0000e+00
0.0000e+00 1.0000e+00
0.0000e+00 1.0000e+00
0.0000e+00 1.0000e+00
0.0000e+00 1.0000e+00
0.0000e+00 1.0000e+00
0.0000e+00 1.0000e+00
1.0000e+00 0.0000e+00
1.0000e+00 0.0000e+00
1.0000e+00 0.0000e+00
1.0000e+00 0.0000e+00
1.0000e+00 0.0000e+00
1.0000e+00 0.0000e+00
1.0000e+00 0.0000e+00
1.0000e+00 0.0000e+00
1.0000e+00 0.0000e+00
1.0000e+00 0.0000e+00
1.0000e+00 0.0000e+00
1.0000e+00 0.0000e+00
1.0000e+00 0.0000e+00
1.0000e+00 0.0000e+00
