-6.211436e-01
-6.480659e-01
-6.677391e-01
-6.400446e-01
-6.022532e-01
-5.728771e-01
-5.520042e-01
-5.355177e-01
-5.322932e-01
-5.443384e-01
-5.604734e-01
-5.769793e-01
-6.110225e-01
-6.564035e-01
-6.865634e-01
-6.687030e-01
-6.326928e-01
-6.118847e-01
-6.071502e-01
-6.108775e-01
-6.182131e-01
-6.368080e-01
-6.604314e-01
-6.693723e-01
-6.372298e-01
-6.022071e-01
-5.750866e-01
-5.562225e-01
-5.480470e-01
-5.515811e-01
-5.635445e-01
-5.787527e-01
-6.022251e-01
-6.334544e-01
-6.668945e-01
-6.631868e-01
-6.324692e-01
-6.146265e-01
-6.036473e-01
-5.933642e-01
-5.913265e-01
-5.978149e-01
-6.097241e-01
-6.256013e-01
-6.487919e-01
-6.791104e-01
-7.007972e-01
-6.990289e-01
-6.990945e-01
-7.136342e-01
-7.265425e-01
-7.377901e-01
-7.473511e-01
-7.552037e-01
-7.613300e-01
-7.657160e-01
-7.683516e-01
-7.692308e-01
-7.692308e-01
-7.692308e-01
-7.692308e-01
-7.692308e-01
-7.692308e-01
-7.692308e-01
-7.692308e-01
-7.692308e-01
-7.692308e-01
-7.692308e-01
-7.692308e-01
-7.692308e-01
-7.692308e-01
-7.692308e-01
-7.692308e-01
-7.692308e-01
-7.692308e-01
-7.692308e-01
-7.692308e-01
-7.692308e-01
-7.692308e-01
-7.692308e-01
-7.692308e-01
-7.692308e-01
-7.692308e-01
-7.692308e-01
-7.692308e-01
-7.692308e-01
-7.692308e-01
-7.692308e-01
-7.692308e-01
-7.692308e-01
-7.692308e-01
-7.692308e-01
-7.692308e-01
-7.692308e-01
-7.692308e-01
-7.692308e-01
-7.692308e-01
-7.692308e-01
-7.692308e-01
-7.692308e-01
-7.692308e-01
-7.692308e-01
-7.692308e-01
-7.692308e-01
-7.692308e-01
-7.674830e-01
-7.622475e-01
-7.535481e-01
-7.414243e-01
-7.259313e-01
-7.071394e-01
-6.851341e-01
-6.600152e-01
-6.318971e-01
-2.612555e-03
-2.722912e-03
-2.833063e-03
-2.666500e-03
-2.514468e-03
-2.412049e-03
-2.333366e-03
-2.270332e-03
-2.258590e-03
-2.305084e-03
-2.371219e-03
-2.428301e-03
-2.531168e-03
-2.710924e-03
-2.911437e-03
-2.795327e-03
-2.646547e-03
-2.590191e-03
-2.576755e-03
-2.591384e-03
-2.616607e-03
-2.681223e-03
-2.788222e-03
-2.833523e-03
-2.651947e-03
-2.520239e-03
-2.424321e-03
-2.355530e-03
-2.325785e-03
-2.339303e-03
-2.386409e-03
-2.444372e-03
-2.528250e-03
-2.640393e-03
-2.818414e-03
-2.798561e-03
-2.656217e-03
-2.600067e-03
-2.557730e-03
-2.516925e-03
-2.509437e-03
-2.534109e-03
-2.580195e-03
-2.638223e-03
-2.715009e-03
-2.835679e-03
-2.965953e-03
-2.959869e-03
-0.000000e+00
-0.000000e+00
-0.000000e+00
-0.000000e+00
-0.000000e+00
-0.000000e+00
-0.000000e+00
-0.000000e+00
-0.000000e+00
-3.264640e-03
-3.264640e-03
-3.264640e-03
-3.264640e-03
-3.264640e-03
-3.264640e-03
-3.264640e-03
-3.264640e-03
-3.264640e-03
-3.264640e-03
-3.264640e-03
-3.264640e-03
-3.264640e-03
-3.264640e-03
-3.264640e-03
-3.264640e-03
-3.264640e-03
-3.264640e-03
-3.264640e-03
-3.264640e-03
-3.264640e-03
-3.264640e-03
-3.264640e-03
-3.264640e-03
-3.264640e-03
-3.264640e-03
-3.264640e-03
-3.264640e-03
-3.264640e-03
-3.264640e-03
-3.264640e-03
-3.264640e-03
-3.264640e-03
-3.264640e-03
-3.264640e-03
-3.264640e-03
-3.264640e-03
-3.264640e-03
-3.264640e-03
-3.264640e-03
-3.264640e-03
-3.264640e-03
-3.264640e-03
-3.264640e-03
-3.264640e-03
-3.264640e-03
-3.264640e-03
-3.264640e-03
-0.000000e+00
-0.000000e+00
-0.000000e+00
-0.000000e+00
-0.000000e+00
-0.000000e+00
-0.000000e+00
-0.000000e+00
-0.000000e+00
-7.260132e-01
-6.630385e-01
-6.110249e-01
-6.826938e-01
-7.656749e-01
-8.213593e-01
-8.571691e-01
-8.835373e-01
-8.885115e-01
-8.696286e-01
-8.429822e-01
-8.139754e-01
-7.476770e-01
-6.416986e-01
-5.550564e-01
-6.083204e-01
-7.000174e-01
-7.458696e-01
-7.557093e-01
-7.479802e-01
-7.323886e-01
-6.903986e-01
-6.310299e-01
-6.064332e-01
-6.894017e-01
-7.657677e-01
-8.173970e-01
-8.501595e-01
-8.636451e-01
-8.578660e-01
-8.377242e-01
-8.107459e-01
-7.657316e-01
-6.982520e-01
-6.133817e-01
-6.235879e-01
-7.005346e-01
-7.400761e-01
-7.628594e-01
-7.832403e-01
-7.871756e-01
-7.745278e-01
-7.503855e-01
-7.161479e-01
-6.612183e-01
-5.780521e-01
-5.074782e-01
-5.136837e-01
-5.134551e-01
-4.594041e-01
-4.043030e-01
-3.482777e-01
-2.914562e-01
-2.339685e-01
-1.759460e-01
-1.175212e-01
-5.882786e-02
-0.000000e+00
-0.000000e+00
-0.000000e+00
-0.000000e+00
-0.000000e+00
-0.000000e+00
-0.000000e+00
-0.000000e+00
-0.000000e+00
-0.000000e+00
-0.000000e+00
-0.000000e+00
-0.000000e+00
-0.000000e+00
-0.000000e+00
-0.000000e+00
-0.000000e+00
-0.000000e+00
-0.000000e+00
-0.000000e+00
-0.000000e+00
-0.000000e+00
-0.000000e+00
-0.000000e+00
-0.000000e+00
-0.000000e+00
-0.000000e+00
-0.000000e+00
-0.000000e+00
-0.000000e+00
-0.000000e+00
-0.000000e+00
-0.000000e+00
-0.000000e+00
-0.000000e+00
-0.000000e+00
-0.000000e+00
-0.000000e+00
-0.000000e+00
-0.000000e+00
-0.000000e+00
-0.000000e+00
-0.000000e+00
-0.000000e+00
-0.000000e+00
-0.000000e+00
-0.000000e+00
-0.000000e+00
-8.292091e-02
-1.654650e-01
-2.472572e-01
-3.279257e-01
-4.071041e-01
-4.844324e-01
-5.595594e-01
-6.321435e-01
-7.018549e-01
-1.192828e-03
-1.088211e-03
-1.012671e-03
-1.111008e-03
-1.248739e-03
-1.350884e-03
-1.415360e-03
-1.463189e-03
-1.472684e-03
-1.438506e-03
-1.393141e-03
-1.338177e-03
-1.209868e-03
-1.035232e-03
-9.194413e-04
-9.933257e-04
-1.143814e-03
-1.233347e-03
-1.252829e-03
-1.239447e-03
-1.210883e-03
-1.135493e-03
-1.040662e-03
-1.002772e-03
-1.120730e-03
-1.251852e-03
-1.346015e-03
-1.406373e-03
-1.431684e-03
-1.421205e-03
-1.385727e-03
-1.337578e-03
-1.255734e-03
-1.136908e-03
-1.012601e-03
-1.027914e-03
-1.149248e-03
-1.222953e-03
-1.262630e-03
-1.297789e-03
-1.304910e-03
-1.282495e-03
-1.240406e-03
-1.179714e-03
-1.080863e-03
-9.428523e-04
-8.389755e-04
-8.496366e-04
-0.000000e+00
-0.000000e+00
-0.000000e+00
-0.000000e+00
-0.000000e+00
-0.000000e+00
-0.000000e+00
-0.000000e+00
-0.000000e+00
0.000000e+00
0.000000e+00
0.000000e+00
0.000000e+00
0.000000e+00
0.000000e+00
0.000000e+00
0.000000e+00
0.000000e+00
0.000000e+00
0.000000e+00
0.000000e+00
0.000000e+00
0.000000e+00
0.000000e+00
0.000000e+00
0.000000e+00
0.000000e+00
0.000000e+00
0.000000e+00
0.000000e+00
0.000000e+00
0.000000e+00
0.000000e+00
0.000000e+00
0.000000e+00
0.000000e+00
0.000000e+00
0.000000e+00
0.000000e+00
0.000000e+00
0.000000e+00
0.000000e+00
0.000000e+00
0.000000e+00
0.000000e+00
0.000000e+00
0.000000e+00
0.000000e+00
0.000000e+00
0.000000e+00
0.000000e+00
0.000000e+00
0.000000e+00
0.000000e+00
0.000000e+00
0.000000e+00
0.000000e+00
-0.000000e+00
-0.000000e+00
-0.000000e+00
-0.000000e+00
-0.000000e+00
-0.000000e+00
-0.000000e+00
-0.000000e+00
-0.000000e+00
