-1.013971e-04	-2.435300e-05
-1.001579e-04	-2.648681e-05
-9.987074e-05	-2.904423e-05
-1.005383e-04	-3.205517e-05
-1.021666e-04	-3.555720e-05
-1.047647e-04	-3.959494e-05
-1.083433e-04	-4.421921e-05
-1.129132e-04	-4.948589e-05
-1.184844e-04	-5.545443e-05
-1.250634e-04	-6.218599e-05
-1.326512e-04	-6.974122e-05
-1.412411e-04	-7.817762e-05
-1.508155e-04	-8.754644e-05
-1.613433e-04	-9.788921e-05
-1.727765e-04	-1.092338e-04
-1.850469e-04	-1.215902e-04
-1.980630e-04	-1.349459e-04
-2.117065e-04	-1.492612e-04
-2.258297e-04	-1.644645e-04
-2.402527e-04	-1.804472e-04
-2.547612e-04	-1.970602e-04
-2.691058e-04	-2.141097e-04
-2.830019e-04	-2.313546e-04
-2.961302e-04	-2.485054e-04
-3.081405e-04	-2.652247e-04
-3.186556e-04	-2.811292e-04
-3.272779e-04	-2.957951e-04
-3.335987e-04	-3.087659e-04
-3.372089e-04	-3.195630e-04
-3.377121e-04	-3.277000e-04
-3.347406e-04	-3.327000e-04
-3.279727e-04	-3.341158e-04
-3.171509e-04	-3.315537e-04
-3.021024e-04	-3.246976e-04
-2.827582e-04	-3.133362e-04
-2.591721e-04	-2.973882e-04
-2.315371e-04	-2.769273e-04
-2.001990e-04	-2.522028e-04
-1.656649e-04	-2.236552e-04
-1.286054e-04	-1.919249e-04
-8.985020e-05	-1.578510e-04
-5.037461e-05	-1.224591e-04
-1.127714e-05	-8.693695e-05
2.625248e-05	-5.259674e-05
6.097477e-05	-2.082374e-05
9.165041e-05	6.987342e-06
1.170974e-04	2.950679e-05
1.362529e-04	4.555181e-05
1.482370e-04	5.417204e-05
1.524147e-04	5.473309e-05
1.484522e-04	4.699229e-05
1.363625e-04	3.115996e-05
1.165369e-04	7.939481e-06
8.975760e-05	-2.146002e-05
5.718799e-05	-5.534352e-05
2.033935e-05	-9.158599e-05
-1.898808e-05	-1.277255e-04
-5.878784e-05	-1.610921e-04
-9.695132e-05	-1.889670e-04
-1.313881e-04	-2.087653e-04
-1.601558e-04	-2.182300e-04
-1.815913e-04	-2.156237e-04
-1.944332e-04	-1.999031e-04
-1.979263e-04	-1.708595e-04
-1.918978e-04	-1.292096e-04
-1.767973e-04	-7.662456e-05
-1.536932e-04	-1.568537e-05
-1.242230e-04	5.023689e-05
-9.049776e-05	1.171762e-04
-5.496308e-05	1.808325e-04
-2.022646e-05	2.368819e-04
1.113821e-05	2.813160e-04
3.679393e-05	3.107807e-04
5.483492e-05	3.228870e-04
6.395475e-05	3.164625e-04
6.357186e-05	2.917160e-04
5.389887e-05	2.502946e-04
3.594616e-05	1.952179e-04
1.145566e-05	1.306888e-04
-1.723282e-05	6.178742e-05
-4.737412e-05	-5.929698e-06
-7.605412e-05	-6.689414e-05
-1.004501e-04	-1.160140e-04
-1.180919e-04	-1.491415e-04
-1.270983e-04	-1.634731e-04
-1.263668e-04	-1.578424e-04
-1.156948e-04	-1.328699e-04
-9.581922e-05	-9.095167e-05
-6.836782e-05	-3.607858e-05
-3.572307e-05	2.650059e-05
-8.103343e-07	9.074591e-05
3.317167e-05	1.503808e-04
6.305314e-05	1.994824e-04
8.599889e-05	2.330497e-04
9.978760e-05	2.474931e-04
1.030361e-04	2.409954e-04
9.534566e-05	2.137035e-04
7.735418e-05	1.677327e-04
5.068789e-05	1.069768e-04
1.781595e-05	3.674308e-05
-1.817855e-05	-3.675257e-05
-5.388940e-05	-1.069824e-04
-8.591127e-05	-1.677342e-04
-1.111654e-04	-2.137079e-04
-1.271946e-04	-2.410211e-04
-1.323989e-04	-2.475742e-04
-1.261892e-04	-2.332394e-04
-1.090433e-04	-1.998565e-04
-8.246159e-05	-1.510390e-04
-4.882572e-05	-9.181108e-05
-1.117612e-05	-2.811521e-05
2.706933e-05	3.375960e-05
6.242805e-05	8.777156e-05
9.166647e-05	1.286836e-04
1.120857e-04	1.525325e-04
1.217530e-04	1.569665e-04
1.196595e-04	1.414250e-04
1.057919e-04	1.071480e-04
8.111441e-05	5.702074e-05
4.746661e-05	-4.724648e-06
7.388528e-06	-7.291697e-05
-3.610749e-05	-1.419213e-04
-7.979611e-05	-2.061352e-04
-1.205055e-04	-2.604597e-04
-1.553675e-04	-3.007051e-04
-1.820310e-04	-3.238998e-04
-1.988231e-04	-3.284791e-04
-2.048470e-04	-3.143479e-04
-2.000130e-04	-2.828179e-04
-1.850045e-04	-2.364345e-04
-1.611859e-04	-1.787150e-04
-1.304651e-04	-1.138269e-04
-9.512261e-05	-4.623704e-05
-5.762629e-05	1.963768e-05
-2.044478e-05	7.975045e-05
1.412468e-05	1.306921e-04
4.410266e-05	1.698905e-04
6.793949e-05	1.957316e-04
8.458756e-05	2.076021e-04
9.353267e-05	2.058554e-04
9.478599e-05	1.917138e-04
8.884137e-05	1.671182e-04
7.660447e-05	1.345435e-04
5.930165e-05	9.679514e-05
3.837717e-05	5.680433e-05
1.538685e-05	1.743501e-05
-8.104296e-06	-1.868446e-05
-3.061418e-05	-4.929718e-05
-5.082077e-05	-7.261585e-05
-6.762115e-05	-8.738151e-05
-8.017112e-05	-9.288398e-05
-8.790520e-05	-8.894766e-05
-9.053864e-05	-7.588815e-05
-8.805334e-05	-5.444621e-05
-8.067109e-05	-2.570607e-05
-6.881709e-05	8.994820e-06
-5.307744e-05	4.815816e-05
-3.415368e-05	9.021375e-05
-1.281752e-05	1.336004e-04
1.013201e-05	1.768357e-04
3.390684e-05	2.185723e-04
5.776237e-05	2.576398e-04
8.102343e-05	2.930725e-04
1.031033e-04	3.241238e-04
1.235159e-04	3.502680e-04
1.418819e-04	3.711928e-04
1.579291e-04	3.867826e-04
1.714884e-04	3.970968e-04
1.824858e-04	4.023436e-04
1.909318e-04	4.028523e-04
1.969095e-04	3.990442e-04
2.005611e-04	3.914056e-04
2.020747e-04	3.804625e-04
2.016716e-04	3.667570e-04
1.995940e-04	3.508287e-04
1.960947e-04	3.331980e-04
1.914276e-04	3.143539e-04
1.858402e-04	2.947443e-04
1.795674e-04	2.747699e-04
1.728270e-04	2.547811e-04
1.658164e-04	2.350761e-04
1.587110e-04	2.159026e-04
1.516629e-04	1.974592e-04
1.448018e-04	1.798995e-04
1.382350e-04	1.633361e-04
1.320493e-04	1.478454e-04
1.263129e-04	1.334727e-04
1.210772e-04	1.202371e-04
1.163794e-04	1.081363e-04
1.122446e-04	9.715172e-05
1.086882e-04	8.725211e-05
1.057181e-04	7.839797e-05
1.033370e-04	7.054478e-05
1.015438e-04	6.364604e-05
1.003361e-04	5.765583e-05
9.971120e-05	5.253096e-05
9.966743e-05	4.823277e-05
1.002055e-04	4.472841e-05
1.013293e-04	4.199195e-05
1.030465e-04	4.000505e-05
