   4.8828000e-09   2.8504009e-08
   1.1578175e-08   2.7952157e-08
   1.8273551e-08   2.7392430e-08
   2.4968926e-08   2.6677685e-08
   3.1664301e-08   2.6115309e-08
   3.8359676e-08   2.5580283e-08
   4.5055052e-08   2.5141766e-08
   5.1750427e-08   2.4688642e-08
   5.8445802e-08   2.4133703e-08
   6.5141177e-08   2.3538625e-08
   7.1836553e-08   2.2646913e-08
   7.8531928e-08   2.2215997e-08
   8.5227303e-08   2.1902095e-08
   9.1922678e-08   2.1731443e-08
   9.8618054e-08   2.2371499e-08
   1.0531343e-07   2.2997530e-08
   1.1200880e-07   2.3928956e-08
   1.1870418e-07   2.4883190e-08
   1.2539955e-07   2.5703329e-08
   1.3209493e-07   2.6505820e-08
   1.3879031e-07   2.6854057e-08
   1.4548568e-07   2.6955874e-08
   1.5218106e-07   2.7010484e-08
   1.5887643e-07   2.6681441e-08
   1.6557181e-07   2.6153396e-08
   1.7226718e-07   2.5507230e-08
   1.7896256e-07   2.4773208e-08
   1.8565793e-07   2.4067213e-08
   1.9235331e-07   2.3369377e-08
   1.9904868e-07   2.2754072e-08
   2.0574406e-07   2.2192960e-08
   2.1243943e-07   2.1709161e-08
   2.1913481e-07   2.1393269e-08
   2.2583018e-07   2.0968279e-08
   2.3252556e-07   2.0451767e-08
   2.3922093e-07   2.0272622e-08
   2.4591631e-07   1.9896232e-08
   2.5261168e-07   1.9444683e-08
   2.5930706e-07   1.9327013e-08
   2.6600243e-07   1.9175239e-08
   2.7269781e-07   1.9035715e-08
   2.7939319e-07   1.9090489e-08
   2.8608856e-07   1.9001401e-08
   2.9278394e-07   1.8976058e-08
   2.9947931e-07   1.9134048e-08
   3.0617469e-07   1.9648902e-08
   3.1287006e-07   2.0947458e-08
   3.1956544e-07   2.2356914e-08
   3.2626081e-07   2.3843894e-08
   3.3295619e-07   2.5360276e-08
   3.3965156e-07   2.6873530e-08
   3.4634694e-07   2.8528148e-08
   3.5304231e-07   3.0105606e-08
   3.5973769e-07   3.1697230e-08
   3.6643306e-07   3.3179477e-08
   3.7312844e-07   3.4241931e-08
   3.7982381e-07   3.5112044e-08
   3.8651919e-07   3.5635738e-08
   3.9321456e-07   3.5882972e-08
   3.9990994e-07   3.5870691e-08
   4.0660532e-07   3.5474258e-08
   4.1330069e-07   3.4930467e-08
   4.1999607e-07   3.4323025e-08
   4.2669144e-07   3.3613498e-08
   4.3338682e-07   3.2905911e-08
   4.4008219e-07   3.2051228e-08
   4.4677757e-07   3.1215873e-08
   4.5347294e-07   3.0403265e-08
   4.6016832e-07   2.9363977e-08
   4.6686369e-07   2.8237940e-08
   4.7355907e-07   2.6953562e-08
   4.8025444e-07   2.5218168e-08
   4.8694982e-07   2.3867233e-08
   4.9364519e-07   2.3150523e-08
   5.0034057e-07   2.4250900e-08
   5.0703594e-07   2.5740225e-08
   5.1373132e-07   2.7273539e-08
   5.2042669e-07   2.8918962e-08
   5.2712207e-07   3.0647109e-08
   5.3381744e-07   3.2426419e-08
   5.4051282e-07   3.4114636e-08
   5.4720820e-07   3.5533280e-08
   5.5390357e-07   3.6871657e-08
   5.6059895e-07   3.8012342e-08
   5.6729432e-07   3.8788730e-08
   5.7398970e-07   3.9398899e-08
   5.8068507e-07   3.9805073e-08
   5.8738045e-07   4.0097957e-08
   5.9407582e-07   4.0259232e-08
   6.0077120e-07   4.0154881e-08
   6.0746657e-07   4.0152288e-08
   6.1416195e-07   4.0078022e-08
   6.2085732e-07   4.0053902e-08
   6.2755270e-07   3.9984435e-08
   6.3424807e-07   3.9706336e-08
   6.4094345e-07   3.9425209e-08
   6.4763882e-07   3.8851724e-08
   6.5433420e-07   3.7999729e-08
   6.6102957e-07   3.7064502e-08
   6.6772495e-07   3.5803706e-08
   6.7442033e-07   3.4381697e-08
   6.8111570e-07   3.2851761e-08
   6.8781108e-07   3.1006992e-08
   6.9450645e-07   2.9014455e-08
   7.0120183e-07   2.7154652e-08
   7.0789720e-07   2.5351836e-08
   7.1459258e-07   2.4667016e-08
   7.2128795e-07   2.4533486e-08
   7.2798333e-07   2.4927153e-08
   7.3467870e-07   2.5719306e-08
   7.4137408e-07   2.6587229e-08
   7.4806945e-07   2.7537650e-08
   7.5476483e-07   2.8517483e-08
   7.6146020e-07   2.9408732e-08
   7.6815558e-07   3.0225858e-08
   7.7485095e-07   3.0874946e-08
   7.8154633e-07   3.1337208e-08
   7.8824170e-07   3.1540194e-08
   7.9493708e-07   3.1498865e-08
   8.0163245e-07   3.1194051e-08
   8.0832783e-07   3.0636376e-08
   8.1502321e-07   3.0008366e-08
   8.2171858e-07   2.9209652e-08
   8.2841396e-07   2.8266671e-08
   8.3510933e-07   2.7421728e-08
   8.4180471e-07   2.6600766e-08
   8.4850008e-07   2.5753328e-08
   8.5519546e-07   2.5119746e-08
   8.6189083e-07   2.4700581e-08
   8.6858621e-07   2.4754994e-08
   8.7528158e-07   2.5654943e-08
   8.8197696e-07   2.7086338e-08
   8.8867233e-07   2.8680854e-08
   8.9536771e-07   3.0151002e-08
   9.0206308e-07   3.1253210e-08
   9.0875846e-07   3.2078879e-08
   9.1545383e-07   3.2949524e-08
   9.2214921e-07   3.3721316e-08
   9.2884458e-07   3.4463175e-08
   9.3553996e-07   3.5220209e-08
   9.4223534e-07   3.5992062e-08
   9.4893071e-07   3.6733440e-08
   9.5562609e-07   3.7356465e-08
   9.6232146e-07   3.7827070e-08
   9.6901684e-07   3.8073253e-08
   9.7571221e-07   3.8111519e-08
   9.8240759e-07   3.8001757e-08
   9.8910296e-07   3.7564204e-08
   9.9579834e-07   3.7007782e-08
   1.0024937e-06   3.6395006e-08
   1.0091891e-06   3.5606234e-08
   1.0158845e-06   3.4912465e-08
   1.0225798e-06   3.4269470e-08
   1.0292752e-06   3.3531135e-08
   1.0359706e-06   3.2686052e-08
   1.0426660e-06   3.1864174e-08
   1.0493613e-06   3.0756970e-08
   1.0560567e-06   2.9520120e-08
   1.0627521e-06   2.8405355e-08
   1.0694475e-06   2.7218061e-08
   1.0761428e-06   2.6945379e-08
   1.0828382e-06   2.7502603e-08
   1.0895336e-06   2.8503594e-08
   1.0962290e-06   3.0289023e-08
   1.1029243e-06   3.1953270e-08
   1.1096197e-06   3.3474187e-08
   1.1163151e-06   3.4634830e-08
   1.1230105e-06   3.5703358e-08
   1.1297058e-06   3.6786070e-08
   1.1364012e-06   3.7702500e-08
   1.1430966e-06   3.8436777e-08
   1.1497920e-06   3.9069206e-08
   1.1564873e-06   3.9768866e-08
   1.1631827e-06   4.0431673e-08
   1.1698781e-06   4.0939406e-08
   1.1765735e-06   4.1382231e-08
   1.1832688e-06   4.1692595e-08
   1.1899642e-06   4.1826554e-08
   1.1966596e-06   4.1805044e-08
   1.2033550e-06   4.1555058e-08
   1.2100503e-06   4.1154890e-08
   1.2167457e-06   4.0794131e-08
   1.2234411e-06   4.0244276e-08
   1.2301365e-06   3.9632891e-08
   1.2368318e-06   3.9200743e-08
   1.2435272e-06   3.8744678e-08
   1.2502226e-06   3.8232848e-08
   1.2569180e-06   3.7591579e-08
   1.2636133e-06   3.6573489e-08
   1.2703087e-06   3.5480129e-08
   1.2770041e-06   3.4204066e-08
   1.2836995e-06   3.2595097e-08
   1.2903948e-06   3.0820738e-08
   1.2970902e-06   2.8963957e-08
   1.3037856e-06   2.7039450e-08
   1.3104810e-06   2.5421970e-08
   1.3171763e-06   2.4327014e-08
   1.3238717e-06   2.4079138e-08
   1.3305671e-06   2.4866963e-08
   1.3372625e-06   2.6203172e-08
   1.3439579e-06   2.7896317e-08
   1.3506532e-06   2.9513729e-08
   1.3573486e-06   3.0876051e-08
   1.3640440e-06   3.2104096e-08
   1.3707394e-06   3.2951962e-08
   1.3774347e-06   3.3541843e-08
   1.3841301e-06   3.3867903e-08
   1.3908255e-06   3.4115852e-08
   1.3975209e-06   3.4185768e-08
   1.4042162e-06   3.4153291e-08
   1.4109116e-06   3.4078453e-08
   1.4176070e-06   3.3886452e-08
   1.4243024e-06   3.3779882e-08
   1.4309977e-06   3.3452633e-08
   1.4376931e-06   3.3166135e-08
   1.4443885e-06   3.2750749e-08
   1.4510839e-06   3.2041504e-08
   1.4577792e-06   3.1239406e-08
   1.4644746e-06   3.0330860e-08
   1.4711700e-06   2.9320248e-08
   1.4778654e-06   2.8319039e-08
   1.4845607e-06   2.7404006e-08
   1.4912561e-06   2.6669680e-08
   1.4979515e-06   2.6363500e-08
   1.5046469e-06   2.7171727e-08
   1.5113422e-06   2.8408887e-08
   1.5180376e-06   2.9919843e-08
   1.5247330e-06   3.1551683e-08
   1.5314284e-06   3.3024394e-08
   1.5381237e-06   3.4179955e-08
   1.5448191e-06   3.5249102e-08
   1.5515145e-06   3.6233728e-08
   1.5582099e-06   3.7161631e-08
   1.5649052e-06   3.7917135e-08
   1.5716006e-06   3.8530475e-08
   1.5782960e-06   3.9229704e-08
   1.5849914e-06   3.9705457e-08
   1.5916867e-06   4.0009887e-08
   1.5983821e-06   4.0239828e-08
   1.6050775e-06   4.0307791e-08
   1.6117729e-06   4.0212371e-08
   1.6184682e-06   4.0059194e-08
   1.6251636e-06   3.9839451e-08
   1.6318590e-06   3.9446993e-08
   1.6385544e-06   3.9003199e-08
   1.6452497e-06   3.8616441e-08
   1.6519451e-06   3.8125479e-08
   1.6586405e-06   3.7627450e-08
   1.6653359e-06   3.7014862e-08
   1.6720312e-06   3.6244467e-08
   1.6787266e-06   3.5361099e-08
   1.6854220e-06   3.4452384e-08
   1.6921174e-06   3.3347992e-08
   1.6988127e-06   3.2154167e-08
   1.7055081e-06   3.0778114e-08
   1.7122035e-06   2.9302311e-08
   1.7188989e-06   2.7951038e-08
   1.7255942e-06   2.6961491e-08
   1.7322896e-06   2.6502541e-08
   1.7389850e-06   2.7004009e-08
   1.7456804e-06   2.7937846e-08
   1.7523757e-06   2.9360175e-08
   1.7590711e-06   3.0565573e-08
   1.7657665e-06   3.1565397e-08
   1.7724619e-06   3.2440199e-08
   1.7791572e-06   3.3021671e-08
   1.7858526e-06   3.3485239e-08
   1.7925480e-06   3.4052468e-08
   1.7992434e-06   3.4351766e-08
   1.8059387e-06   3.4682773e-08
   1.8126341e-06   3.5112141e-08
   1.8193295e-06   3.5483359e-08
   1.8260249e-06   3.5742534e-08
   1.8327202e-06   3.5928794e-08
   1.8394156e-06   3.5993869e-08
   1.8461110e-06   3.5908586e-08
   1.8528064e-06   3.5783514e-08
   1.8595017e-06   3.5535974e-08
   1.8661971e-06   3.5176101e-08
   1.8728925e-06   3.4713428e-08
   1.8795879e-06   3.4377731e-08
   1.8862832e-06   3.3893249e-08
   1.8929786e-06   3.3350557e-08
   1.8996740e-06   3.2810670e-08
   1.9063694e-06   3.2077545e-08
   1.9130647e-06   3.1278395e-08
   1.9197601e-06   3.0388890e-08
   1.9264555e-06   2.9270787e-08
   1.9331509e-06   2.8072646e-08
   1.9398462e-06   2.6681204e-08
   1.9465416e-06   2.5233990e-08
   1.9532370e-06   2.3884576e-08
   1.9599324e-06   2.2701358e-08
   1.9666277e-06   2.1989515e-08
   1.9733231e-06   2.1657988e-08
   1.9800185e-06   2.1804894e-08
   1.9867139e-06   2.2311474e-08
   1.9934092e-06   2.3146426e-08
   2.0001046e-06   2.3969325e-08
   2.0068000e-06   2.4764259e-08
